1000 4975
1 6 1
1 7 1
1 8 1
1 9 1
1 11 1
1 14 1
1 18 1
1 21 1
1 22 1
1 45 1
1 56 1
1 72 1
1 92 1
1 99 1
1 115 1
1 164 1
1 205 1
1 260 1
1 294 1
1 315 1
1 337 1
1 458 1
1 468 1
1 476 1
1 479 1
1 495 1
1 500 1
1 508 1
1 582 1
1 682 1
1 718 1
1 775 1
1 787 1
1 807 1
1 834 1
1 878 1
1 886 1
1 984 1
2 6 1
2 7 1
2 8 1
2 10 1
2 11 1
2 12 1
2 13 1
2 15 1
2 17 1
2 20 1
2 29 1
2 30 1
2 33 1
2 36 1
2 42 1
2 45 1
2 77 1
2 84 1
2 117 1
2 127 1
2 130 1
2 136 1
2 144 1
2 148 1
2 155 1
2 157 1
2 178 1
2 184 1
2 188 1
2 193 1
2 197 1
2 198 1
2 208 1
2 220 1
2 285 1
2 298 1
2 308 1
2 315 1
2 350 1
2 363 1
2 376 1
2 391 1
2 397 1
2 405 1
2 440 1
2 490 1
2 503 1
2 516 1
2 519 1
2 520 1
2 534 1
2 535 1
2 555 1
2 595 1
2 616 1
2 626 1
2 642 1
2 657 1
2 680 1
2 736 1
2 757 1
2 781 1
2 803 1
2 830 1
2 839 1
2 855 1
2 940 1
2 967 1
2 984 1
3 6 1
3 343 1
3 622 1
4 6 1
4 7 1
4 14 1
4 19 1
4 21 1
4 51 1
4 53 1
4 59 1
4 82 1
4 89 1
4 97 1
4 102 1
4 137 1
4 156 1
4 169 1
4 183 1
4 246 1
4 278 1
4 286 1
4 330 1
4 433 1
4 434 1
4 509 1
4 556 1
4 578 1
4 582 1
4 657 1
4 661 1
4 740 1
4 819 1
4 862 1
4 871 1
4 876 1
4 879 1
4 919 1
4 941 1
4 964 1
5 6 1
5 7 1
5 8 1
5 9 1
5 10 1
5 15 1
5 17 1
5 24 1
5 25 1
5 32 1
5 34 1
5 60 1
5 71 1
5 85 1
5 88 1
5 175 1
5 192 1
5 207 1
5 280 1
5 282 1
5 288 1
5 318 1
5 347 1
5 377 1
5 399 1
5 418 1
5 465 1
5 473 1
5 481 1
5 609 1
5 631 1
5 643 1
5 644 1
5 659 1
5 684 1
5 686 1
5 726 1
5 754 1
5 834 1
5 864 1
5 986 1
5 992 1
6 7 1
6 8 1
6 9 1
6 10 1
6 12 1
6 14 1
6 15 1
6 16 1
6 18 1
6 22 1
6 23 1
6 25 1
6 28 1
6 34 1
6 37 1
6 38 1
6 40 1
6 52 1
6 58 1
6 60 1
6 61 1
6 70 1
6 73 1
6 75 1
6 83 1
6 85 1
6 90 1
6 100 1
6 111 1
6 114 1
6 134 1
6 139 1
6 147 1
6 155 1
6 172 1
6 180 1
6 186 1
6 190 1
6 197 1
6 209 1
6 218 1
6 223 1
6 227 1
6 242 1
6 263 1
6 274 1
6 291 1
6 292 1
6 313 1
6 328 1
6 333 1
6 337 1
6 344 1
6 352 1
6 381 1
6 431 1
6 445 1
6 470 1
6 475 1
6 488 1
6 493 1
6 494 1
6 502 1
6 511 1
6 514 1
6 517 1
6 536 1
6 539 1
6 551 1
6 590 1
6 606 1
6 631 1
6 675 1
6 688 1
6 712 1
6 713 1
6 719 1
6 724 1
6 765 1
6 773 1
6 775 1
6 786 1
6 815 1
6 821 1
6 828 1
6 843 1
6 850 1
6 858 1
6 863 1
6 872 1
6 912 1
6 962 1
6 985 1
7 8 1
7 9 1
7 11 1
7 12 1
7 13 1
7 18 1
7 19 1
7 22 1
7 25 1
7 27 1
7 28 1
7 31 1
7 32 1
7 34 1
7 37 1
7 39 1
7 41 1
7 44 1
7 45 1
7 53 1
7 55 1
7 68 1
7 71 1
7 77 1
7 86 1
7 87 1
7 91 1
7 92 1
7 97 1
7 114 1
7 121 1
7 123 1
7 130 1
7 147 1
7 154 1
7 155 1
7 159 1
7 168 1
7 172 1
7 178 1
7 179 1
7 182 1
7 194 1
7 205 1
7 210 1
7 218 1
7 224 1
7 228 1
7 233 1
7 234 1
7 235 1
7 241 1
7 249 1
7 252 1
7 268 1
7 270 1
7 285 1
7 296 1
7 297 1
7 319 1
7 327 1
7 330 1
7 334 1
7 335 1
7 345 1
7 358 1
7 366 1
7 372 1
7 391 1
7 425 1
7 442 1
7 451 1
7 452 1
7 453 1
7 460 1
7 467 1
7 476 1
7 497 1
7 528 1
7 530 1
7 556 1
7 586 1
7 587 1
7 607 1
7 633 1
7 654 1
7 657 1
7 659 1
7 670 1
7 699 1
7 700 1
7 730 1
7 732 1
7 739 1
7 745 1
7 753 1
7 763 1
7 767 1
7 777 1
7 798 1
7 817 1
7 818 1
7 820 1
7 826 1
7 857 1
7 858 1
7 897 1
7 905 1
7 908 1
7 912 1
7 915 1
7 949 1
7 966 1
7 980 1
7 992 1
7 996 1
8 9 1
8 10 1
8 11 1
8 12 1
8 13 1
8 14 1
8 23 1
8 24 1
8 26 1
8 27 1
8 28 1
8 32 1
8 34 1
8 37 1
8 39 1
8 44 1
8 45 1
8 49 1
8 50 1
8 62 1
8 65 1
8 67 1
8 68 1
8 72 1
8 76 1
8 82 1
8 83 1
8 88 1
8 90 1
8 96 1
8 98 1
8 104 1
8 112 1
8 114 1
8 132 1
8 143 1
8 162 1
8 169 1
8 175 1
8 179 1
8 180 1
8 186 1
8 198 1
8 200 1
8 218 1
8 219 1
8 221 1
8 241 1
8 247 1
8 250 1
8 259 1
8 260 1
8 265 1
8 290 1
8 297 1
8 322 1
8 328 1
8 331 1
8 339 1
8 344 1
8 348 1
8 359 1
8 384 1
8 411 1
8 453 1
8 458 1
8 470 1
8 515 1
8 521 1
8 548 1
8 560 1
8 583 1
8 585 1
8 601 1
8 606 1
8 625 1
8 628 1
8 648 1
8 661 1
8 668 1
8 678 1
8 698 1
8 799 1
8 805 1
8 810 1
8 812 1
8 903 1
8 999 1
9 10 1
9 12 1
9 13 1
9 17 1
9 19 1
9 23 1
9 24 1
9 25 1
9 26 1
9 27 1
9 30 1
9 31 1
9 38 1
9 41 1
9 44 1
9 50 1
9 56 1
9 61 1
9 69 1
9 75 1
9 86 1
9 87 1
9 90 1
9 91 1
9 94 1
9 108 1
9 110 1
9 113 1
9 115 1
9 131 1
9 151 1
9 154 1
9 162 1
9 165 1
9 187 1
9 204 1
9 223 1
9 225 1
9 229 1
9 230 1
9 245 1
9 248 1
9 271 1
9 297 1
9 302 1
9 315 1
9 328 1
9 345 1
9 347 1
9 375 1
9 378 1
9 386 1
9 394 1
9 410 1
9 411 1
9 416 1
9 420 1
9 424 1
9 437 1
9 460 1
9 461 1
9 462 1
9 486 1
9 522 1
9 554 1
9 586 1
9 594 1
9 613 1
9 627 1
9 639 1
9 656 1
9 664 1
9 686 1
9 701 1
9 702 1
9 741 1
9 747 1
9 764 1
9 789 1
9 823 1
9 827 1
9 847 1
9 857 1
9 862 1
9 873 1
9 884 1
9 895 1
9 898 1
9 950 1
9 968 1
9 970 1
10 11 1
10 16 1
10 17 1
10 20 1
10 33 1
10 36 1
10 40 1
10 46 1
10 50 1
10 52 1
10 66 1
10 99 1
10 111 1
10 131 1
10 133 1
10 141 1
10 142 1
10 152 1
10 164 1
10 182 1
10 194 1
10 217 1
10 234 1
10 248 1
10 261 1
10 295 1
10 305 1
10 341 1
10 348 1
10 349 1
10 352 1
10 376 1
10 377 1
10 421 1
10 446 1
10 469 1
10 472 1
10 505 1
10 553 1
10 578 1
10 588 1
10 653 1
10 693 1
10 720 1
10 744 1
10 749 1
10 786 1
10 812 1
10 824 1
10 837 1
10 848 1
10 851 1
10 874 1
10 878 1
10 914 1
10 943 1
10 971 1
11 13 1
11 14 1
11 15 1
11 16 1
11 43 1
11 56 1
11 60 1
11 78 1
11 80 1
11 82 1
11 85 1
11 86 1
11 97 1
11 110 1
11 120 1
11 139 1
11 140 1
11 145 1
11 149 1
11 150 1
11 158 1
11 171 1
11 172 1
11 225 1
11 232 1
11 242 1
11 254 1
11 266 1
11 271 1
11 362 1
11 402 1
11 432 1
11 452 1
11 454 1
11 466 1
11 476 1
11 507 1
11 537 1
11 555 1
11 584 1
11 621 1
11 716 1
11 760 1
11 793 1
11 888 1
11 892 1
11 948 1
11 968 1
12 21 1
12 22 1
12 27 1
12 31 1
12 46 1
12 51 1
12 69 1
12 72 1
12 77 1
12 102 1
12 109 1
12 121 1
12 125 1
12 128 1
12 191 1
12 198 1
12 215 1
12 223 1
12 263 1
12 267 1
12 278 1
12 292 1
12 299 1
12 309 1
12 321 1
12 360 1
12 380 1
12 393 1
12 435 1
12 482 1
12 507 1
12 508 1
12 524 1
12 535 1
12 576 1
12 610 1
12 655 1
12 658 1
12 668 1
12 677 1
12 702 1
12 723 1
12 737 1
12 742 1
12 766 1
12 878 1
12 944 1
12 959 1
12 986 1
13 16 1
13 17 1
13 19 1
13 20 1
13 21 1
13 24 1
13 39 1
13 42 1
13 47 1
13 48 1
13 52 1
13 58 1
13 65 1
13 74 1
13 82 1
13 84 1
13 89 1
13 93 1
13 106 1
13 107 1
13 108 1
13 118 1
13 119 1
13 120 1
13 127 1
13 128 1
13 138 1
13 139 1
13 141 1
13 146 1
13 149 1
13 162 1
13 167 1
13 188 1
13 191 1
13 242 1
13 249 1
13 257 1
13 264 1
13 285 1
13 323 1
13 332 1
13 341 1
13 356 1
13 385 1
13 387 1
13 389 1
13 408 1
13 417 1
13 430 1
13 448 1
13 468 1
13 471 1
13 491 1
13 497 1
13 518 1
13 526 1
13 528 1
13 547 1
13 560 1
13 561 1
13 591 1
13 604 1
13 616 1
13 620 1
13 635 1
13 636 1
13 641 1
13 689 1
13 747 1
13 752 1
13 822 1
13 861 1
13 888 1
13 929 1
13 942 1
13 964 1
13 974 1
13 993 1
14 15 1
14 16 1
14 20 1
14 23 1
14 24 1
14 30 1
14 32 1
14 35 1
14 39 1
14 43 1
14 48 1
14 49 1
14 54 1
14 59 1
14 61 1
14 64 1
14 65 1
14 102 1
14 107 1
14 109 1
14 126 1
14 129 1
14 130 1
14 132 1
14 147 1
14 159 1
14 164 1
14 166 1
14 177 1
14 196 1
14 201 1
14 209 1
14 212 1
14 232 1
14 248 1
14 255 1
14 266 1
14 284 1
14 308 1
14 311 1
14 312 1
14 331 1
14 339 1
14 358 1
14 378 1
14 390 1
14 414 1
14 424 1
14 475 1
14 509 1
14 520 1
14 547 1
14 557 1
14 558 1
14 593 1
14 635 1
14 660 1
14 665 1
14 666 1
14 668 1
14 684 1
14 692 1
14 710 1
14 729 1
14 733 1
14 845 1
14 863 1
14 873 1
14 879 1
14 896 1
14 953 1
14 961 1
14 1000 1
15 18 1
15 31 1
15 47 1
15 57 1
15 58 1
15 67 1
15 70 1
15 71 1
15 72 1
15 74 1
15 75 1
15 88 1
15 104 1
15 107 1
15 110 1
15 113 1
15 122 1
15 141 1
15 144 1
15 174 1
15 177 1
15 190 1
15 207 1
15 229 1
15 231 1
15 236 1
15 249 1
15 275 1
15 281 1
15 302 1
15 310 1
15 315 1
15 320 1
15 328 1
15 329 1
15 416 1
15 430 1
15 447 1
15 478 1
15 492 1
15 534 1
15 592 1
15 628 1
15 645 1
15 670 1
15 678 1
15 691 1
15 694 1
15 697 1
15 711 1
15 713 1
15 732 1
15 759 1
15 769 1
15 801 1
15 813 1
15 822 1
15 824 1
15 850 1
15 875 1
15 893 1
15 911 1
15 935 1
15 945 1
15 981 1
15 995 1
16 19 1
16 20 1
16 23 1
16 28 1
16 30 1
16 36 1
16 41 1
16 46 1
16 59 1
16 60 1
16 61 1
16 69 1
16 84 1
16 97 1
16 100 1
16 113 1
16 129 1
16 143 1
16 150 1
16 156 1
16 172 1
16 182 1
16 185 1
16 189 1
16 224 1
16 256 1
16 287 1
16 296 1
16 301 1
16 314 1
16 318 1
16 321 1
16 323 1
16 346 1
16 370 1
16 386 1
16 398 1
16 415 1
16 416 1
16 463 1
16 475 1
16 480 1
16 561 1
16 563 1
16 570 1
16 593 1
16 611 1
16 615 1
16 626 1
16 656 1
16 670 1
16 681 1
16 690 1
16 700 1
16 717 1
16 735 1
16 742 1
16 754 1
16 757 1
16 778 1
16 786 1
16 787 1
16 797 1
16 818 1
16 848 1
16 865 1
16 883 1
16 889 1
16 901 1
16 916 1
16 973 1
16 979 1
17 18 1
17 21 1
17 26 1
17 39 1
17 46 1
17 47 1
17 93 1
17 136 1
17 161 1
17 213 1
17 246 1
17 303 1
17 337 1
17 523 1
17 637 1
17 695 1
17 727 1
18 29 1
18 33 1
18 43 1
18 54 1
18 79 1
18 96 1
18 99 1
18 117 1
18 174 1
18 202 1
18 240 1
18 246 1
18 249 1
18 289 1
18 376 1
18 501 1
18 509 1
18 516 1
18 519 1
18 550 1
18 557 1
18 597 1
18 818 1
18 852 1
19 26 1
19 29 1
19 33 1
19 43 1
19 47 1
19 63 1
19 68 1
19 73 1
19 79 1
19 90 1
19 91 1
19 95 1
19 103 1
19 140 1
19 163 1
19 193 1
19 251 1
19 278 1
19 321 1
19 323 1
19 349 1
19 356 1
19 364 1
19 432 1
19 435 1
19 493 1
19 500 1
19 507 1
19 520 1
19 529 1
19 561 1
19 611 1
19 632 1
19 638 1
19 657 1
19 678 1
19 686 1
19 701 1
19 765 1
19 781 1
19 784 1
19 788 1
19 797 1
19 799 1
19 830 1
19 839 1
19 858 1
19 905 1
19 980 1
19 983 1
20 22 1
20 25 1
20 27 1
20 35 1
20 42 1
20 50 1
20 66 1
20 71 1
20 109 1
20 137 1
20 141 1
20 150 1
20 165 1
20 247 1
20 277 1
20 342 1
20 352 1
20 426 1
20 473 1
20 490 1
20 527 1
20 598 1
20 638 1
20 646 1
20 831 1
21 38 1
21 48 1
21 49 1
21 53 1
21 70 1
21 122 1
21 233 1
21 238 1
21 252 1
21 257 1
21 267 1
21 343 1
21 369 1
21 382 1
21 442 1
21 530 1
21 611 1
21 617 1
21 660 1
21 735 1
21 763 1
21 890 1
21 925 1
21 981 1
21 983 1
22 26 1
22 30 1
22 34 1
22 35 1
22 38 1
22 40 1
22 41 1
22 51 1
22 53 1
22 56 1
22 58 1
22 71 1
22 80 1
22 81 1
22 105 1
22 129 1
22 133 1
22 146 1
22 162 1
22 170 1
22 173 1
22 183 1
22 185 1
22 188 1
22 216 1
22 267 1
22 269 1
22 300 1
22 311 1
22 332 1
22 355 1
22 365 1
22 393 1
22 397 1
22 399 1
22 418 1
22 441 1
22 453 1
22 471 1
22 489 1
22 530 1
22 532 1
22 571 1
22 573 1
22 596 1
22 614 1
22 673 1
22 700 1
22 742 1
22 753 1
22 798 1
22 866 1
22 889 1
22 897 1
22 924 1
22 936 1
22 954 1
23 57 1
23 132 1
23 251 1
23 327 1
23 350 1
23 361 1
23 604 1
23 623 1
24 124 1
24 129 1
24 158 1
24 193 1
24 417 1
24 629 1
24 630 1
24 645 1
24 656 1
24 724 1
24 745 1
24 805 1
24 829 1
24 903 1
24 922 1
24 962 1
25 53 1
25 62 1
25 79 1
25 106 1
25 192 1
25 200 1
25 209 1
25 262 1
25 282 1
25 381 1
25 437 1
25 598 1
25 647 1
25 840 1
25 923 1
26 28 1
26 29 1
26 31 1
26 35 1
26 51 1
26 57 1
26 64 1
26 69 1
26 98 1
26 101 1
26 115 1
26 118 1
26 119 1
26 131 1
26 157 1
26 201 1
26 221 1
26 250 1
26 261 1
26 288 1
26 318 1
26 331 1
26 336 1
26 348 1
26 373 1
26 377 1
26 394 1
26 420 1
26 539 1
26 542 1
26 567 1
26 658 1
26 674 1
26 735 1
26 805 1
26 823 1
26 895 1
26 960 1
26 989 1
26 991 1
27 29 1
27 37 1
27 43 1
27 54 1
27 89 1
27 101 1
27 117 1
27 125 1
27 138 1
27 190 1
27 258 1
27 320 1
27 343 1
27 443 1
27 594 1
27 628 1
27 660 1
27 679 1
27 915 1
28 44 1
28 46 1
28 52 1
28 64 1
28 73 1
28 94 1
28 105 1
28 108 1
28 113 1
28 128 1
28 149 1
28 153 1
28 180 1
28 192 1
28 206 1
28 213 1
28 219 1
28 221 1
28 226 1
28 247 1
28 390 1
28 420 1
28 489 1
28 491 1
28 503 1
28 542 1
28 616 1
28 644 1
28 663 1
28 699 1
28 719 1
28 726 1
28 736 1
28 813 1
28 845 1
28 893 1
28 907 1
28 913 1
28 937 1
28 983 1
28 995 1
29 35 1
29 40 1
29 42 1
29 55 1
29 76 1
29 79 1
29 85 1
29 101 1
29 104 1
29 125 1
29 144 1
29 146 1
29 170 1
29 177 1
29 180 1
29 183 1
29 198 1
29 244 1
29 261 1
29 283 1
29 291 1
29 292 1
29 294 1
29 300 1
29 307 1
29 319 1
29 324 1
29 375 1
29 421 1
29 425 1
29 432 1
29 435 1
29 514 1
29 561 1
29 565 1
29 619 1
29 683 1
29 691 1
29 705 1
29 722 1
29 749 1
29 758 1
29 808 1
29 833 1
29 838 1
29 932 1
29 941 1
29 970 1
29 998 1
30 32 1
30 33 1
30 36 1
30 48 1
30 57 1
30 62 1
30 63 1
30 74 1
30 76 1
30 79 1
30 81 1
30 83 1
30 94 1
30 95 1
30 116 1
30 119 1
30 128 1
30 152 1
30 166 1
30 180 1
30 183 1
30 196 1
30 201 1
30 246 1
30 263 1
30 276 1
30 286 1
30 309 1
30 312 1
30 344 1
30 375 1
30 413 1
30 416 1
30 424 1
30 467 1
30 474 1
30 482 1
30 547 1
30 569 1
30 571 1
30 603 1
30 615 1
30 656 1
30 682 1
30 844 1
30 909 1
30 930 1
30 977 1
31 36 1
31 38 1
31 47 1
31 48 1
31 59 1
31 61 1
31 74 1
31 77 1
31 93 1
31 109 1
31 149 1
31 160 1
31 189 1
31 220 1
31 265 1
31 284 1
31 307 1
31 349 1
31 395 1
31 472 1
31 477 1
31 487 1
31 495 1
31 501 1
31 503 1
31 554 1
31 597 1
31 629 1
31 631 1
31 658 1
31 664 1
31 762 1
31 842 1
31 870 1
31 876 1
31 946 1
31 950 1
31 974 1
31 990 1
32 44 1
32 67 1
32 78 1
32 110 1
32 122 1
32 201 1
32 234 1
32 254 1
32 287 1
32 303 1
32 385 1
32 407 1
32 416 1
32 650 1
32 845 1
32 886 1
32 914 1
33 63 1
33 64 1
33 174 1
33 214 1
33 277 1
33 298 1
33 361 1
33 528 1
33 577 1
33 723 1
33 730 1
33 813 1
34 62 1
34 89 1
34 234 1
34 237 1
34 252 1
34 368 1
34 461 1
34 611 1
34 676 1
34 728 1
34 758 1
34 877 1
35 41 1
35 42 1
35 45 1
35 95 1
35 98 1
35 122 1
35 126 1
35 136 1
35 165 1
35 207 1
35 298 1
35 336 1
35 394 1
35 409 1
35 525 1
35 568 1
35 627 1
35 721 1
35 737 1
35 761 1
35 812 1
35 862 1
35 877 1
35 920 1
35 931 1
35 953 1
35 973 1
36 37 1
36 57 1
36 80 1
36 86 1
36 143 1
36 165 1
36 184 1
36 188 1
36 189 1
36 307 1
36 325 1
36 336 1
36 340 1
36 357 1
36 412 1
36 647 1
36 701 1
36 885 1
36 971 1
37 40 1
37 66 1
37 88 1
37 103 1
37 108 1
37 153 1
37 160 1
37 167 1
37 176 1
37 181 1
37 192 1
37 206 1
37 224 1
37 227 1
37 231 1
37 270 1
37 279 1
37 289 1
37 308 1
37 325 1
37 359 1
37 363 1
37 386 1
37 481 1
37 489 1
37 536 1
37 556 1
37 592 1
37 674 1
37 695 1
37 918 1
37 927 1
37 960 1
38 55 1
38 76 1
38 83 1
38 87 1
38 105 1
38 109 1
38 114 1
38 118 1
38 131 1
38 142 1
38 155 1
38 170 1
38 208 1
38 289 1
38 296 1
38 361 1
38 369 1
38 371 1
38 419 1
38 471 1
38 489 1
38 515 1
38 543 1
38 589 1
38 730 1
38 766 1
38 773 1
38 853 1
38 905 1
38 952 1
38 954 1
39 74 1
39 90 1
39 106 1
39 207 1
39 378 1
39 498 1
39 598 1
39 616 1
39 766 1
39 821 1
39 888 1
40 49 1
40 54 1
40 98 1
40 162 1
40 168 1
40 173 1
40 225 1
40 247 1
40 270 1
40 316 1
40 631 1
40 745 1
40 752 1
40 819 1
40 844 1
41 51 1
41 55 1
41 69 1
41 76 1
41 78 1
41 85 1
41 101 1
41 105 1
41 166 1
41 182 1
41 212 1
41 213 1
41 217 1
41 229 1
41 233 1
41 243 1
41 274 1
41 316 1
41 322 1
41 324 1
41 440 1
41 441 1
41 460 1
41 525 1
41 570 1
41 586 1
41 598 1
41 600 1
41 607 1
41 652 1
41 662 1
41 666 1
41 720 1
41 741 1
41 782 1
41 791 1
41 795 1
41 826 1
41 831 1
41 928 1
41 941 1
41 977 1
42 66 1
42 178 1
42 214 1
42 313 1
42 494 1
42 800 1
42 897 1
43 65 1
43 67 1
43 78 1
43 80 1
43 84 1
43 94 1
43 112 1
43 130 1
43 151 1
43 199 1
43 203 1
43 206 1
43 217 1
43 220 1
43 265 1
43 268 1
43 288 1
43 309 1
43 333 1
43 364 1
43 546 1
43 556 1
43 564 1
43 630 1
43 809 1
43 899 1
43 900 1
43 918 1
43 942 1
43 987 1
44 73 1
44 83 1
44 113 1
44 120 1
44 155 1
44 179 1
44 228 1
44 282 1
44 466 1
44 632 1
44 751 1
44 761 1
44 910 1
45 87 1
45 150 1
45 194 1
45 195 1
45 205 1
45 259 1
45 348 1
45 427 1
45 454 1
45 546 1
45 547 1
45 602 1
45 624 1
45 626 1
45 793 1
46 171 1
46 312 1
46 364 1
46 418 1
46 448 1
46 594 1
46 712 1
46 876 1
46 985 1
47 50 1
47 66 1
47 75 1
47 95 1
47 153 1
47 157 1
47 208 1
47 247 1
47 255 1
47 259 1
47 268 1
47 306 1
47 346 1
47 347 1
47 355 1
47 359 1
47 426 1
47 491 1
47 549 1
47 734 1
47 748 1
47 803 1
47 958 1
47 963 1
48 49 1
48 52 1
48 58 1
48 92 1
48 107 1
48 124 1
48 142 1
48 148 1
48 154 1
48 161 1
48 189 1
48 241 1
48 251 1
48 262 1
48 277 1
48 308 1
48 392 1
48 452 1
48 557 1
48 625 1
48 687 1
48 738 1
48 770 1
48 825 1
48 979 1
49 63 1
49 68 1
49 118 1
49 132 1
49 134 1
49 179 1
49 203 1
49 254 1
49 334 1
49 338 1
49 401 1
49 509 1
49 606 1
49 646 1
49 649 1
49 881 1
49 969 1
50 54 1
50 68 1
50 81 1
50 84 1
50 100 1
50 103 1
50 130 1
50 171 1
50 209 1
50 223 1
50 262 1
50 326 1
50 329 1
50 448 1
50 596 1
50 623 1
50 632 1
50 672 1
50 768 1
50 771 1
50 783 1
50 871 1
50 905 1
50 910 1
50 956 1
50 965 1
51 60 1
51 62 1
51 120 1
51 121 1
51 137 1
51 148 1
51 229 1
51 361 1
51 368 1
51 372 1
51 415 1
51 420 1
51 488 1
51 502 1
51 589 1
51 622 1
51 806 1
51 907 1
52 55 1
52 56 1
52 65 1
52 67 1
52 92 1
52 95 1
52 124 1
52 146 1
52 158 1
52 159 1
52 197 1
52 204 1
52 221 1
52 232 1
52 287 1
52 294 1
52 299 1
52 335 1
52 353 1
52 380 1
52 412 1
52 450 1
52 491 1
52 497 1
52 554 1
52 707 1
52 886 1
52 899 1
52 942 1
52 951 1
52 958 1
52 976 1
52 979 1
53 170 1
53 465 1
53 626 1
53 635 1
53 844 1
54 77 1
54 81 1
54 112 1
54 138 1
54 154 1
54 181 1
54 200 1
54 207 1
54 211 1
54 231 1
54 312 1
54 321 1
54 373 1
54 374 1
54 411 1
54 434 1
54 446 1
54 463 1
54 484 1
54 492 1
54 563 1
54 580 1
54 605 1
54 645 1
54 685 1
54 829 1
54 894 1
54 908 1
54 957 1
54 998 1
55 63 1
55 187 1
55 208 1
55 299 1
55 483 1
55 495 1
55 498 1
55 505 1
55 524 1
55 529 1
55 601 1
55 643 1
55 648 1
55 711 1
55 719 1
55 725 1
55 733 1
55 766 1
55 918 1
56 59 1
56 64 1
56 87 1
56 99 1
56 129 1
56 158 1
56 241 1
56 244 1
56 245 1
56 316 1
56 361 1
56 449 1
56 469 1
56 640 1
56 740 1
56 917 1
56 933 1
56 977 1
57 143 1
57 174 1
57 734 1
57 919 1
57 944 1
58 168 1
58 202 1
58 277 1
58 588 1
58 839 1
59 102 1
59 112 1
59 124 1
59 223 1
59 400 1
59 403 1
59 470 1
59 474 1
59 541 1
59 596 1
59 988 1
60 123 1
60 211 1
60 258 1
60 296 1
60 307 1
60 482 1
60 512 1
60 513 1
60 568 1
60 572 1
60 636 1
60 642 1
60 644 1
60 652 1
60 721 1
60 798 1
60 887 1
60 896 1
60 921 1
60 946 1
61 86 1
61 91 1
61 122 1
61 125 1
61 133 1
61 171 1
61 198 1
61 217 1
61 227 1
61 251 1
61 260 1
61 323 1
61 324 1
61 576 1
61 726 1
61 753 1
61 873 1
61 898 1
62 134 1
62 138 1
62 145 1
62 156 1
62 169 1
62 235 1
62 326 1
62 394 1
62 407 1
62 434 1
62 580 1
62 623 1
62 790 1
62 847 1
62 890 1
62 961 1
62 986 1
62 991 1
63 70 1
63 80 1
63 111 1
63 135 1
63 167 1
63 172 1
63 182 1
63 210 1
63 220 1
63 232 1
63 240 1
63 245 1
63 286 1
63 301 1
63 385 1
63 389 1
63 395 1
63 399 1
63 423 1
63 477 1
63 536 1
63 586 1
63 619 1
63 698 1
63 778 1
63 825 1
63 902 1
63 923 1
64 70 1
64 78 1
64 103 1
64 116 1
64 186 1
64 190 1
64 237 1
64 273 1
64 280 1
64 311 1
64 508 1
64 526 1
64 639 1
64 716 1
64 750 1
64 774 1
64 841 1
65 116 1
65 127 1
65 175 1
65 202 1
65 254 1
65 293 1
65 326 1
65 427 1
65 531 1
65 603 1
65 683 1
65 697 1
65 703 1
65 744 1
65 776 1
65 802 1
65 925 1
66 210 1
66 212 1
66 524 1
66 613 1
66 814 1
66 912 1
67 72 1
67 117 1
67 148 1
67 151 1
67 200 1
67 227 1
67 276 1
67 293 1
67 383 1
67 404 1
67 406 1
67 431 1
67 438 1
67 445 1
67 483 1
67 562 1
67 653 1
67 675 1
67 683 1
67 723 1
67 805 1
67 827 1
67 854 1
67 940 1
68 73 1
68 100 1
68 187 1
68 303 1
68 433 1
68 447 1
68 633 1
68 676 1
68 710 1
68 975 1
69 82 1
69 123 1
69 126 1
69 136 1
69 161 1
69 203 1
69 215 1
69 264 1
69 289 1
69 292 1
69 370 1
69 407 1
69 424 1
69 457 1
69 458 1
69 490 1
69 510 1
69 520 1
69 687 1
69 781 1
69 788 1
69 911 1
70 107 1
70 194 1
70 230 1
70 248 1
70 264 1
70 300 1
70 311 1
70 317 1
70 467 1
70 496 1
70 927 1
71 99 1
71 110 1
71 112 1
71 114 1
71 135 1
71 161 1
71 200 1
71 219 1
71 236 1
71 275 1
71 445 1
71 500 1
71 573 1
71 574 1
71 575 1
71 613 1
71 629 1
71 724 1
71 762 1
71 867 1
71 977 1
71 993 1
71 1000 1
72 92 1
72 96 1
72 118 1
72 244 1
72 260 1
72 287 1
72 295 1
72 305 1
72 324 1
72 388 1
72 400 1
72 417 1
72 458 1
72 459 1
72 531 1
72 649 1
72 655 1
72 699 1
72 898 1
72 909 1
72 957 1
73 102 1
73 151 1
73 211 1
73 212 1
73 436 1
73 485 1
73 492 1
73 627 1
74 75 1
74 89 1
74 383 1
74 867 1
75 93 1
75 98 1
75 132 1
75 135 1
75 214 1
75 241 1
75 255 1
75 256 1
75 277 1
75 281 1
75 371 1
75 437 1
75 537 1
75 654 1
75 665 1
75 696 1
75 756 1
75 865 1
75 935 1
76 81 1
76 93 1
76 106 1
76 131 1
76 169 1
76 197 1
76 220 1
76 243 1
76 279 1
76 340 1
76 342 1
76 368 1
76 392 1
76 419 1
76 430 1
76 447 1
76 456 1
76 505 1
76 615 1
76 623 1
76 705 1
76 736 1
76 756 1
76 801 1
76 823 1
76 859 1
76 963 1
77 121 1
77 134 1
77 139 1
77 160 1
77 199 1
77 250 1
77 272 1
77 278 1
77 305 1
77 345 1
77 396 1
77 405 1
77 423 1
77 943 1
77 959 1
78 121 1
78 137 1
78 160 1
78 250 1
78 389 1
78 428 1
78 488 1
78 553 1
78 617 1
78 741 1
78 795 1
78 802 1
78 826 1
78 896 1
79 164 1
79 181 1
79 396 1
79 406 1
79 524 1
79 538 1
79 545 1
79 621 1
79 857 1
79 906 1
80 127 1
80 263 1
80 410 1
80 492 1
80 633 1
80 702 1
80 784 1
81 104 1
81 128 1
81 186 1
81 231 1
81 586 1
81 688 1
81 887 1
82 119 1
82 152 1
82 216 1
82 240 1
82 242 1
82 482 1
82 849 1
82 893 1
83 141 1
83 157 1
83 320 1
83 330 1
83 464 1
83 652 1
83 894 1
83 920 1
83 939 1
84 126 1
84 146 1
84 191 1
84 267 1
84 273 1
84 332 1
84 362 1
84 563 1
84 925 1
85 96 1
85 111 1
85 145 1
85 203 1
85 217 1
85 222 1
85 226 1
85 354 1
85 357 1
85 360 1
85 476 1
85 662 1
85 681 1
85 734 1
86 94 1
86 116 1
86 123 1
86 134 1
86 135 1
86 151 1
86 152 1
86 166 1
86 230 1
86 256 1
86 257 1
86 273 1
86 302 1
86 317 1
86 339 1
86 381 1
86 407 1
86 438 1
86 457 1
86 584 1
86 620 1
86 699 1
86 715 1
86 718 1
86 876 1
86 928 1
87 88 1
87 108 1
87 123 1
87 133 1
87 192 1
87 218 1
87 438 1
87 510 1
87 521 1
87 810 1
87 848 1
87 872 1
87 955 1
87 972 1
87 990 1
87 996 1
88 104 1
88 153 1
88 176 1
88 464 1
88 617 1
88 703 1
88 760 1
88 804 1
89 91 1
89 145 1
89 204 1
89 211 1
89 213 1
89 222 1
89 238 1
89 246 1
89 267 1
89 270 1
89 329 1
89 371 1
89 410 1
89 579 1
89 676 1
89 846 1
90 96 1
90 100 1
90 264 1
90 305 1
90 581 1
90 587 1
90 638 1
90 647 1
90 768 1
90 775 1
90 859 1
90 927 1
90 954 1
90 997 1
91 216 1
91 548 1
91 877 1
92 106 1
92 124 1
92 142 1
92 229 1
92 276 1
92 306 1
92 408 1
92 469 1
92 471 1
92 514 1
92 679 1
92 697 1
92 784 1
92 988 1
93 581 1
93 702 1
93 948 1
93 965 1
94 145 1
94 285 1
94 381 1
94 390 1
94 584 1
94 640 1
95 101 1
95 171 1
95 214 1
95 268 1
95 314 1
95 923 1
96 97 1
96 116 1
96 168 1
96 260 1
96 293 1
96 347 1
96 387 1
96 585 1
96 615 1
96 693 1
96 841 1
96 881 1
97 119 1
97 161 1
97 170 1
97 202 1
97 250 1
97 272 1
97 282 1
97 304 1
97 367 1
97 372 1
97 428 1
97 439 1
97 627 1
97 951 1
98 215 1
98 253 1
98 415 1
98 591 1
98 604 1
98 636 1
98 677 1
98 698 1
98 852 1
98 883 1
98 945 1
99 120 1
99 184 1
99 187 1
99 211 1
99 325 1
99 356 1
99 374 1
99 386 1
99 447 1
99 498 1
99 568 1
99 694 1
99 735 1
99 740 1
99 890 1
99 892 1
100 111 1
100 158 1
100 184 1
100 231 1
100 238 1
100 276 1
100 279 1
100 335 1
100 343 1
100 359 1
100 406 1
100 407 1
100 453 1
100 577 1
100 647 1
100 680 1
100 757 1
100 840 1
100 910 1
101 103 1
101 115 1
101 163 1
101 173 1
101 199 1
101 317 1
101 336 1
101 403 1
101 519 1
101 692 1
101 809 1
102 187 1
102 194 1
102 230 1
102 235 1
102 237 1
102 261 1
102 316 1
102 335 1
102 431 1
102 533 1
102 551 1
102 593 1
102 636 1
102 711 1
102 722 1
102 725 1
102 749 1
102 900 1
103 273 1
103 480 1
103 973 1
104 105 1
104 148 1
104 254 1
104 283 1
104 297 1
104 299 1
104 313 1
104 353 1
104 444 1
104 518 1
104 619 1
104 751 1
104 995 1
105 140 1
105 165 1
105 188 1
105 196 1
105 218 1
105 256 1
105 259 1
105 265 1
105 487 1
105 590 1
105 603 1
105 749 1
105 837 1
105 935 1
105 964 1
106 258 1
106 422 1
106 446 1
106 479 1
106 505 1
106 541 1
106 548 1
106 563 1
106 585 1
106 822 1
106 881 1
106 946 1
107 157 1
107 168 1
107 266 1
107 280 1
107 297 1
107 321 1
107 430 1
107 467 1
107 538 1
107 655 1
107 852 1
107 992 1
108 281 1
108 485 1
108 576 1
108 882 1
109 127 1
109 191 1
109 225 1
109 232 1
109 338 1
109 340 1
109 363 1
109 366 1
109 401 1
109 445 1
109 539 1
109 808 1
109 832 1
109 880 1
109 939 1
110 117 1
110 190 1
110 227 1
110 234 1
110 273 1
110 283 1
110 346 1
110 357 1
110 461 1
110 497 1
110 533 1
110 602 1
110 850 1
111 115 1
111 531 1
111 543 1
111 891 1
111 904 1
112 137 1
112 310 1
112 390 1
112 507 1
112 526 1
112 532 1
112 709 1
112 783 1
112 854 1
112 855 1
113 144 1
113 153 1
113 167 1
113 179 1
113 195 1
113 221 1
113 310 1
113 327 1
113 379 1
113 474 1
113 590 1
113 658 1
113 665 1
113 732 1
113 923 1
114 642 1
115 126 1
115 149 1
115 272 1
115 283 1
115 312 1
115 442 1
115 552 1
115 558 1
115 615 1
115 707 1
115 885 1
115 956 1
116 202 1
116 325 1
116 482 1
116 627 1
116 856 1
116 913 1
116 915 1
116 953 1
117 160 1
117 163 1
117 257 1
117 279 1
117 429 1
117 523 1
117 554 1
117 720 1
117 952 1
118 265 1
118 387 1
118 459 1
118 551 1
118 957 1
119 140 1
119 177 1
119 355 1
119 378 1
119 406 1
119 517 1
119 518 1
119 727 1
119 843 1
120 318 1
120 354 1
120 366 1
120 388 1
120 404 1
120 455 1
120 506 1
120 565 1
120 637 1
120 708 1
120 878 1
121 184 1
121 583 1
121 640 1
121 732 1
121 827 1
121 845 1
121 921 1
122 139 1
122 183 1
122 197 1
122 206 1
122 287 1
122 388 1
122 465 1
122 566 1
122 681 1
122 786 1
122 794 1
122 867 1
122 971 1
123 125 1
123 243 1
123 263 1
123 510 1
123 537 1
123 961 1
124 138 1
124 140 1
124 244 1
124 472 1
124 496 1
124 499 1
124 527 1
124 577 1
124 625 1
124 952 1
125 142 1
125 196 1
125 245 1
125 421 1
125 465 1
125 532 1
125 583 1
125 618 1
125 772 1
126 189 1
126 239 1
126 258 1
126 285 1
126 294 1
126 303 1
126 459 1
126 530 1
126 540 1
126 667 1
126 753 1
126 803 1
127 186 1
127 195 1
127 224 1
127 290 1
127 374 1
127 463 1
127 465 1
127 513 1
127 514 1
127 549 1
127 597 1
127 865 1
127 975 1
128 133 1
128 136 1
128 156 1
128 767 1
129 144 1
129 147 1
129 150 1
129 156 1
129 199 1
129 230 1
129 356 1
129 462 1
129 508 1
129 517 1
129 974 1
130 226 1
130 346 1
130 383 1
130 908 1
131 147 1
131 181 1
131 276 1
131 292 1
131 323 1
131 366 1
131 428 1
131 513 1
131 516 1
132 178 1
132 210 1
132 326 1
132 502 1
132 740 1
132 832 1
133 135 1
133 210 1
133 238 1
133 280 1
133 379 1
133 405 1
133 671 1
133 675 1
133 717 1
134 222 1
134 291 1
134 330 1
134 344 1
134 496 1
134 609 1
134 746 1
134 799 1
134 826 1
134 868 1
135 205 1
135 335 1
135 525 1
135 614 1
135 641 1
135 896 1
135 956 1
136 163 1
136 167 1
136 395 1
136 403 1
136 423 1
136 459 1
136 522 1
136 660 1
136 704 1
136 721 1
136 780 1
136 912 1
136 991 1
137 329 1
137 485 1
137 994 1
138 175 1
138 199 1
138 206 1
138 322 1
138 337 1
138 353 1
138 362 1
138 393 1
138 549 1
138 577 1
138 608 1
138 641 1
138 661 1
138 758 1
138 759 1
138 778 1
138 787 1
138 830 1
138 856 1
139 333 1
139 574 1
139 777 1
139 846 1
139 952 1
139 998 1
140 143 1
140 236 1
140 365 1
140 414 1
140 668 1
140 679 1
140 701 1
140 774 1
140 980 1
141 604 1
141 678 1
141 785 1
141 996 1
143 159 1
143 215 1
143 228 1
143 365 1
143 398 1
143 439 1
143 537 1
143 817 1
143 834 1
143 999 1
144 152 1
144 159 1
144 176 1
144 191 1
144 255 1
144 271 1
144 284 1
144 402 1
144 463 1
144 488 1
144 544 1
144 553 1
144 642 1
144 659 1
144 660 1
144 709 1
144 711 1
144 714 1
144 803 1
144 842 1
144 924 1
145 166 1
145 212 1
145 282 1
145 325 1
145 332 1
145 338 1
145 350 1
145 460 1
145 472 1
145 502 1
145 544 1
145 558 1
145 569 1
145 592 1
145 656 1
145 667 1
145 733 1
145 736 1
145 779 1
145 844 1
146 169 1
146 270 1
146 524 1
146 562 1
146 603 1
146 691 1
146 721 1
146 726 1
146 888 1
146 967 1
147 333 1
147 511 1
147 783 1
148 257 1
148 309 1
148 499 1
148 870 1
149 154 1
149 185 1
149 193 1
149 195 1
149 290 1
149 300 1
149 453 1
149 456 1
149 560 1
149 690 1
149 831 1
149 842 1
149 908 1
150 174 1
150 201 1
150 421 1
150 693 1
151 164 1
151 203 1
151 304 1
151 329 1
151 427 1
151 531 1
151 774 1
152 281 1
152 452 1
152 650 1
152 846 1
152 930 1
152 991 1
153 185 1
153 295 1
153 313 1
153 314 1
153 350 1
153 364 1
153 417 1
153 422 1
153 451 1
153 814 1
154 310 1
154 358 1
154 397 1
154 436 1
154 493 1
154 533 1
154 551 1
154 709 1
154 752 1
154 765 1
154 788 1
154 856 1
154 940 1
154 998 1
155 256 1
155 269 1
155 354 1
155 607 1
155 925 1
156 237 1
156 253 1
156 258 1
156 262 1
156 274 1
156 368 1
156 572 1
156 593 1
156 646 1
156 707 1
156 864 1
157 266 1
157 599 1
157 696 1
157 797 1
157 902 1
157 936 1
158 219 1
158 304 1
158 672 1
158 724 1
158 765 1
158 770 1
158 809 1
158 913 1
159 177 1
159 219 1
159 240 1
159 319 1
159 357 1
159 443 1
159 640 1
159 704 1
159 707 1
159 976 1
160 163 1
160 205 1
160 209 1
160 291 1
160 298 1
160 301 1
160 353 1
160 377 1
160 389 1
160 403 1
160 429 1
160 456 1
160 517 1
160 559 1
160 637 1
160 756 1
160 846 1
160 924 1
161 173 1
161 185 1
161 204 1
161 213 1
161 216 1
161 244 1
161 291 1
161 370 1
161 587 1
161 617 1
161 692 1
161 810 1
161 925 1
162 252 1
162 266 1
162 610 1
162 765 1
162 935 1
162 996 1
163 240 1
163 418 1
163 727 1
163 773 1
164 306 1
164 348 1
164 351 1
164 384 1
164 442 1
164 474 1
164 541 1
164 594 1
165 196 1
165 222 1
165 237 1
165 253 1
165 259 1
165 308 1
165 328 1
165 341 1
165 354 1
165 358 1
165 429 1
165 480 1
165 583 1
165 585 1
165 623 1
165 636 1
165 644 1
165 650 1
165 663 1
165 672 1
165 774 1
165 780 1
165 871 1
165 936 1
165 946 1
166 339 1
166 824 1
167 527 1
167 792 1
167 860 1
167 969 1
168 289 1
168 484 1
168 493 1
168 544 1
169 173 1
169 176 1
169 290 1
169 404 1
169 462 1
169 532 1
169 802 1
169 923 1
170 175 1
170 181 1
170 507 1
170 551 1
170 671 1
170 718 1
171 390 1
171 419 1
171 423 1
171 477 1
171 562 1
171 624 1
171 689 1
171 905 1
172 225 1
172 355 1
172 364 1
172 426 1
172 501 1
172 581 1
173 420 1
173 653 1
173 988 1
174 460 1
174 752 1
175 176 1
175 226 1
175 338 1
175 371 1
175 455 1
175 475 1
175 490 1
175 856 1
175 877 1
175 968 1
176 178 1
176 371 1
176 425 1
176 522 1
176 684 1
176 890 1
178 249 1
178 315 1
178 406 1
178 447 1
178 520 1
178 648 1
178 718 1
178 882 1
179 208 1
179 274 1
179 284 1
179 342 1
179 351 1
179 408 1
179 422 1
179 462 1
179 731 1
179 787 1
179 790 1
179 924 1
179 967 1
179 999 1
180 319 1
180 487 1
180 662 1
180 874 1
180 909 1
180 918 1
180 959 1
181 970 1
182 193 1
182 426 1
182 564 1
182 575 1
182 710 1
183 295 1
183 434 1
183 494 1
183 496 1
183 692 1
183 776 1
183 931 1
184 796 1
184 882 1
184 914 1
185 305 1
185 367 1
185 602 1
185 611 1
185 663 1
185 687 1
185 772 1
185 836 1
185 860 1
185 970 1
186 245 1
186 377 1
187 228 1
187 755 1
187 804 1
187 871 1
187 891 1
187 958 1
187 994 1
188 214 1
188 216 1
188 248 1
188 357 1
188 380 1
188 470 1
188 552 1
188 566 1
188 601 1
189 512 1
189 518 1
189 629 1
189 753 1
190 239 1
190 242 1
190 404 1
190 506 1
190 528 1
190 639 1
190 732 1
190 784 1
190 899 1
191 195 1
191 269 1
191 317 1
191 546 1
191 578 1
191 789 1
191 837 1
191 984 1
192 233 1
192 283 1
192 618 1
192 816 1
192 907 1
193 331 1
193 506 1
193 610 1
194 275 1
194 391 1
194 433 1
194 601 1
194 666 1
194 675 1
194 793 1
194 812 1
194 914 1
195 252 1
195 275 1
195 333 1
195 340 1
195 372 1
195 422 1
195 438 1
195 444 1
195 484 1
195 542 1
195 543 1
195 815 1
195 933 1
195 998 1
196 235 1
196 301 1
196 814 1
196 988 1
197 300 1
197 345 1
197 431 1
197 466 1
197 579 1
197 638 1
197 650 1
197 671 1
197 833 1
198 224 1
198 271 1
198 380 1
198 397 1
198 540 1
198 572 1
198 760 1
198 879 1
199 288 1
199 299 1
199 429 1
199 464 1
199 673 1
200 204 1
200 488 1
200 570 1
200 655 1
200 754 1
200 777 1
200 820 1
201 215 1
201 226 1
201 253 1
201 281 1
201 601 1
201 628 1
201 725 1
201 790 1
201 801 1
202 236 1
202 286 1
202 385 1
202 415 1
202 512 1
202 580 1
202 613 1
202 720 1
202 917 1
202 962 1
203 233 1
203 384 1
203 409 1
203 481 1
203 550 1
203 769 1
203 853 1
204 324 1
204 367 1
204 373 1
204 396 1
204 412 1
204 433 1
204 625 1
204 738 1
204 777 1
205 275 1
205 449 1
205 512 1
205 541 1
205 548 1
205 725 1
205 766 1
205 926 1
206 313 1
206 340 1
206 477 1
206 569 1
207 392 1
207 714 1
208 243 1
208 251 1
208 304 1
208 314 1
208 375 1
208 380 1
208 418 1
208 500 1
208 685 1
208 726 1
208 796 1
208 956 1
209 238 1
209 411 1
209 469 1
209 476 1
209 547 1
209 622 1
209 791 1
209 820 1
210 235 1
210 302 1
210 304 1
210 306 1
210 320 1
210 589 1
210 745 1
210 793 1
210 872 1
210 928 1
211 393 1
211 764 1
212 228 1
212 239 1
212 262 1
212 303 1
212 367 1
212 443 1
212 574 1
212 576 1
212 916 1
212 922 1
212 992 1
213 450 1
213 691 1
213 771 1
213 796 1
214 327 1
214 466 1
214 495 1
214 502 1
214 699 1
214 792 1
214 794 1
214 875 1
215 264 1
215 376 1
215 409 1
215 719 1
215 741 1
215 796 1
215 881 1
215 882 1
215 883 1
215 885 1
216 319 1
216 376 1
216 378 1
216 661 1
216 980 1
216 990 1
217 222 1
217 501 1
217 545 1
218 268 1
218 375 1
218 379 1
218 423 1
218 512 1
218 707 1
218 791 1
218 900 1
219 236 1
219 269 1
219 288 1
219 334 1
219 395 1
219 464 1
219 473 1
219 554 1
219 715 1
219 892 1
220 239 1
220 587 1
220 705 1
221 239 1
221 255 1
221 836 1
222 293 1
222 435 1
222 670 1
223 388 1
223 428 1
223 919 1
224 825 1
225 455 1
225 694 1
225 713 1
225 975 1
226 359 1
226 414 1
226 543 1
226 546 1
226 557 1
226 562 1
226 642 1
226 675 1
226 717 1
226 744 1
226 963 1
227 331 1
227 356 1
227 401 1
227 425 1
227 525 1
227 712 1
227 814 1
227 866 1
228 279 1
228 327 1
228 386 1
228 541 1
229 243 1
229 595 1
229 682 1
229 716 1
229 874 1
229 894 1
230 309 1
230 389 1
230 457 1
230 630 1
230 932 1
230 948 1
231 261 1
231 332 1
231 550 1
231 799 1
231 838 1
232 274 1
232 322 1
232 339 1
232 351 1
232 362 1
232 421 1
232 431 1
232 438 1
232 491 1
232 496 1
232 579 1
232 633 1
232 733 1
232 874 1
233 307 1
233 619 1
233 621 1
233 630 1
233 750 1
234 271 1
234 272 1
234 337 1
234 350 1
234 360 1
234 387 1
234 391 1
234 396 1
234 398 1
234 400 1
234 450 1
234 462 1
234 479 1
234 498 1
234 618 1
234 703 1
234 706 1
234 869 1
234 879 1
234 996 1
235 459 1
235 591 1
235 621 1
236 316 1
236 666 1
236 729 1
236 762 1
237 293 1
237 369 1
237 444 1
237 581 1
237 630 1
237 676 1
237 837 1
237 841 1
237 843 1
237 869 1
237 973 1
238 298 1
238 842 1
239 345 1
239 635 1
239 703 1
239 779 1
240 330 1
240 351 1
240 383 1
240 415 1
240 785 1
240 800 1
240 819 1
240 847 1
241 649 1
242 620 1
242 680 1
242 683 1
242 712 1
242 751 1
242 767 1
242 953 1
242 955 1
243 800 1
244 393 1
244 527 1
245 294 1
245 314 1
245 640 1
245 794 1
245 846 1
245 862 1
246 487 1
246 618 1
246 734 1
246 922 1
247 545 1
247 756 1
247 804 1
247 969 1
248 461 1
248 756 1
248 801 1
249 253 1
249 336 1
249 352 1
249 363 1
249 402 1
249 413 1
249 597 1
249 815 1
249 817 1
249 945 1
250 278 1
250 499 1
250 833 1
250 887 1
250 903 1
250 910 1
250 975 1
250 978 1
251 700 1
252 284 1
252 397 1
252 401 1
252 565 1
252 614 1
252 634 1
252 782 1
252 790 1
252 991 1
253 326 1
253 951 1
253 990 1
254 310 1
254 384 1
254 485 1
254 498 1
254 526 1
254 622 1
254 704 1
254 832 1
254 836 1
254 861 1
254 901 1
255 382 1
255 409 1
256 360 1
256 362 1
256 501 1
256 755 1
256 773 1
257 290 1
257 391 1
257 469 1
257 559 1
257 584 1
257 605 1
257 835 1
257 972 1
258 689 1
258 760 1
258 804 1
258 868 1
259 269 1
259 584 1
259 939 1
260 399 1
260 515 1
260 677 1
260 851 1
261 280 1
261 574 1
261 644 1
261 739 1
261 744 1
263 478 1
263 869 1
264 408 1
264 968 1
265 478 1
265 626 1
265 943 1
266 506 1
267 344 1
267 363 1
267 468 1
267 481 1
267 671 1
267 689 1
267 721 1
267 722 1
267 764 1
267 908 1
268 301 1
268 573 1
268 771 1
269 286 1
269 369 1
269 413 1
269 737 1
269 884 1
269 887 1
270 272 1
270 379 1
270 437 1
270 519 1
271 318 1
271 553 1
272 369 1
272 409 1
272 519 1
272 535 1
272 993 1
273 413 1
273 571 1
273 608 1
273 694 1
273 731 1
273 915 1
273 916 1
273 926 1
274 428 1
274 559 1
274 560 1
274 603 1
274 780 1
274 907 1
275 437 1
275 612 1
275 667 1
275 814 1
275 823 1
276 880 1
276 937 1
277 392 1
277 662 1
277 746 1
277 963 1
278 566 1
278 794 1
279 373 1
279 381 1
279 743 1
279 750 1
280 479 1
280 648 1
280 681 1
280 717 1
281 302 1
281 342 1
281 365 1
281 531 1
281 575 1
281 883 1
282 295 1
282 370 1
282 602 1
282 709 1
282 728 1
283 388 1
283 499 1
283 521 1
283 535 1
283 591 1
283 606 1
283 720 1
283 763 1
283 793 1
283 980 1
284 320 1
284 557 1
284 683 1
284 849 1
284 851 1
284 974 1
285 665 1
286 322 1
286 392 1
286 434 1
286 456 1
286 838 1
287 444 1
287 526 1
287 529 1
287 616 1
287 669 1
287 747 1
287 769 1
287 790 1
287 807 1
287 894 1
287 1000 1
288 637 1
289 478 1
289 499 1
289 504 1
289 746 1
290 374 1
290 634 1
290 685 1
290 809 1
290 930 1
291 353 1
291 368 1
291 370 1
291 548 1
291 671 1
291 746 1
292 698 1
293 296 1
293 338 1
293 544 1
293 587 1
293 617 1
293 809 1
293 880 1
293 974 1
294 441 1
294 562 1
294 777 1
295 729 1
295 754 1
296 567 1
296 854 1
296 878 1
298 317 1
298 787 1
298 835 1
298 926 1
298 954 1
298 982 1
299 358 1
299 527 1
299 590 1
299 619 1
299 780 1
300 347 1
300 372 1
300 567 1
300 750 1
300 751 1
300 947 1
300 954 1
301 341 1
301 634 1
301 704 1
301 783 1
301 938 1
302 939 1
303 387 1
303 455 1
303 505 1
303 703 1
303 806 1
303 886 1
304 306 1
304 360 1
304 772 1
304 906 1
305 440 1
305 481 1
305 538 1
305 808 1
305 934 1
306 384 1
306 395 1
306 448 1
306 606 1
306 715 1
307 599 1
307 768 1
307 863 1
307 971 1
308 817 1
308 883 1
309 311 1
309 334 1
309 341 1
309 352 1
309 373 1
309 405 1
309 435 1
309 467 1
309 487 1
309 503 1
309 528 1
309 542 1
309 550 1
309 574 1
309 605 1
309 792 1
309 839 1
309 901 1
309 937 1
310 351 1
310 605 1
310 634 1
310 639 1
310 705 1
310 862 1
311 343 1
311 473 1
311 760 1
312 422 1
312 463 1
312 835 1
312 978 1
313 865 1
313 966 1
314 334 1
314 506 1
314 508 1
315 346 1
315 439 1
315 490 1
315 624 1
315 983 1
316 441 1
316 443 1
316 536 1
316 542 1
316 864 1
316 891 1
317 414 1
317 696 1
317 698 1
318 511 1
319 383 1
319 513 1
319 706 1
319 947 1
320 366 1
321 401 1
321 573 1
321 931 1
322 342 1
322 569 1
322 676 1
322 706 1
322 944 1
323 442 1
323 457 1
323 981 1
324 443 1
324 540 1
324 646 1
324 680 1
324 711 1
324 778 1
325 444 1
325 457 1
325 768 1
325 824 1
325 904 1
326 354 1
326 654 1
326 714 1
326 739 1
327 419 1
327 430 1
328 408 1
329 549 1
329 842 1
331 595 1
331 667 1
331 769 1
331 920 1
331 931 1
332 349 1
332 607 1
333 539 1
333 583 1
333 653 1
333 949 1
334 833 1
334 884 1
335 367 1
335 398 1
335 432 1
335 440 1
335 518 1
335 664 1
335 840 1
335 849 1
336 774 1
337 449 1
337 658 1
337 684 1
337 929 1
338 468 1
338 672 1
338 735 1
339 402 1
339 595 1
340 374 1
340 385 1
340 564 1
340 715 1
340 828 1
341 523 1
341 585 1
341 639 1
341 864 1
341 868 1
342 612 1
342 649 1
342 690 1
343 396 1
343 470 1
343 492 1
343 770 1
344 433 1
344 838 1
344 860 1
344 970 1
345 400 1
345 798 1
345 937 1
347 355 1
347 402 1
347 436 1
347 454 1
347 456 1
347 504 1
347 514 1
347 525 1
347 697 1
347 840 1
348 349 1
348 400 1
348 719 1
349 424 1
349 440 1
351 382 1
351 403 1
351 493 1
351 600 1
351 614 1
351 697 1
351 776 1
351 847 1
351 989 1
353 411 1
353 522 1
353 687 1
353 949 1
354 382 1
354 432 1
354 566 1
355 382 1
355 600 1
355 622 1
355 651 1
355 665 1
356 494 1
356 513 1
356 597 1
356 813 1
356 933 1
357 449 1
357 608 1
357 650 1
357 952 1
358 365 1
358 455 1
358 483 1
358 578 1
358 588 1
358 610 1
358 645 1
358 733 1
358 948 1
359 394 1
359 439 1
359 451 1
359 452 1
359 454 1
359 480 1
359 534 1
359 664 1
359 737 1
359 807 1
359 826 1
359 840 1
359 961 1
360 886 1
361 688 1
362 404 1
362 410 1
362 412 1
362 632 1
362 669 1
362 764 1
362 782 1
362 967 1
363 410 1
363 811 1
364 468 1
364 485 1
364 669 1
364 708 1
365 782 1
365 825 1
365 872 1
365 962 1
366 609 1
366 911 1
366 919 1
367 436 1
367 466 1
368 582 1
368 706 1
368 748 1
368 832 1
369 515 1
369 749 1
369 773 1
369 829 1
370 516 1
370 607 1
372 439 1
372 448 1
372 540 1
373 759 1
373 955 1
374 561 1
374 614 1
374 854 1
374 860 1
374 934 1
375 379 1
375 539 1
375 608 1
375 728 1
376 564 1
377 399 1
377 727 1
377 821 1
377 837 1
378 523 1
378 589 1
378 695 1
378 747 1
378 928 1
379 446 1
379 652 1
379 942 1
380 471 1
380 759 1
381 596 1
381 633 1
381 979 1
382 510 1
382 511 1
382 879 1
382 927 1
383 549 1
384 521 1
385 495 1
385 875 1
385 915 1
385 944 1
386 575 1
386 911 1
387 427 1
387 825 1
388 427 1
388 863 1
389 398 1
389 405 1
389 870 1
390 451 1
390 544 1
390 556 1
390 808 1
390 997 1
391 413 1
391 770 1
391 828 1
392 552 1
392 595 1
392 645 1
392 708 1
392 750 1
392 941 1
394 652 1
394 681 1
394 938 1
394 989 1
395 429 1
395 599 1
396 771 1
397 632 1
397 728 1
398 414 1
398 921 1
400 454 1
400 500 1
400 694 1
400 731 1
400 739 1
400 823 1
400 860 1
400 966 1
400 978 1
400 985 1
401 612 1
401 723 1
401 876 1
401 922 1
401 930 1
402 517 1
402 559 1
403 419 1
404 736 1
405 412 1
405 608 1
405 784 1
406 425 1
406 503 1
406 534 1
406 567 1
406 693 1
408 489 1
408 594 1
408 934 1
409 417 1
409 624 1
409 811 1
410 511 1
411 446 1
411 480 1
411 486 1
411 746 1
411 945 1
412 739 1
412 769 1
412 854 1
412 966 1
414 450 1
414 558 1
414 646 1
414 881 1
415 474 1
415 592 1
415 855 1
415 895 1
416 958 1
417 673 1
418 484 1
418 631 1
419 779 1
420 559 1
420 685 1
420 686 1
422 436 1
422 483 1
422 906 1
422 976 1
423 426 1
423 441 1
423 450 1
423 700 1
423 748 1
423 763 1
423 816 1
423 891 1
424 550 1
424 677 1
424 909 1
424 985 1
424 993 1
425 802 1
425 871 1
425 898 1
425 932 1
426 449 1
426 678 1
426 724 1
426 833 1
427 609 1
427 706 1
427 789 1
427 912 1
427 918 1
427 972 1
428 451 1
428 472 1
430 593 1
430 654 1
430 808 1
431 687 1
432 445 1
432 625 1
434 461 1
434 596 1
434 653 1
434 848 1
435 521 1
435 785 1
435 877 1
435 921 1
436 605 1
437 497 1
437 613 1
437 674 1
437 731 1
437 819 1
438 552 1
438 951 1
439 950 1
440 483 1
440 572 1
440 722 1
441 578 1
441 591 1
441 729 1
441 781 1
442 473 1
442 504 1
442 651 1
443 830 1
444 691 1
444 709 1
446 458 1
446 494 1
446 588 1
446 927 1
446 969 1
447 757 1
448 663 1
448 820 1
449 555 1
449 609 1
450 477 1
451 734 1
451 864 1
452 538 1
453 486 1
453 504 1
453 510 1
454 475 1
454 668 1
454 742 1
454 874 1
454 997 1
455 464 1
455 641 1
455 997 1
456 530 1
456 532 1
456 772 1
456 795 1
456 856 1
457 479 1
457 529 1
457 602 1
457 730 1
457 929 1
459 599 1
459 713 1
460 504 1
460 552 1
460 666 1
462 581 1
462 710 1
463 484 1
463 716 1
464 478 1
464 533 1
464 637 1
465 486 1
466 570 1
466 573 1
466 579 1
466 684 1
466 791 1
466 904 1
466 967 1
466 982 1
468 555 1
468 567 1
468 643 1
468 680 1
468 738 1
468 839 1
468 953 1
469 696 1
471 565 1
472 806 1
472 994 1
473 486 1
474 545 1
474 893 1
474 907 1
475 679 1
475 857 1
476 810 1
477 643 1
477 761 1
478 651 1
478 950 1
479 516 1
479 722 1
480 1000 1
482 679 1
483 566 1
483 758 1
484 563 1
484 743 1
484 979 1
485 851 1
485 861 1
486 647 1
486 763 1
486 987 1
487 534 1
487 610 1
487 690 1
487 708 1
487 771 1
487 830 1
488 794 1
488 836 1
489 590 1
489 772 1
489 791 1
489 986 1
491 956 1
492 546 1
493 942 1
493 969 1
494 536 1
494 690 1
494 821 1
495 522 1
495 577 1
495 712 1
495 752 1
495 822 1
495 853 1
496 553 1
497 589 1
497 829 1
497 957 1
497 978 1
498 509 1
498 533 1
498 580 1
499 641 1
499 662 1
501 569 1
501 792 1
501 811 1
503 515 1
503 592 1
503 725 1
504 629 1
504 800 1
504 811 1
504 885 1
505 741 1
505 807 1
505 857 1
505 911 1
506 540 1
506 799 1
506 987 1
507 743 1
508 779 1
508 943 1
509 545 1
510 618 1
510 853 1
510 866 1
511 775 1
512 568 1
512 600 1
512 688 1
512 727 1
512 751 1
514 537 1
514 748 1
514 824 1
515 867 1
515 938 1
516 948 1
518 538 1
518 669 1
518 688 1
518 880 1
518 888 1
518 940 1
521 580 1
521 620 1
521 934 1
521 949 1
521 990 1
522 523 1
522 572 1
522 657 1
522 904 1
523 600 1
523 819 1
523 853 1
524 579 1
524 693 1
524 847 1
525 604 1
525 931 1
525 965 1
526 659 1
527 529 1
528 535 1
528 558 1
528 696 1
528 755 1
529 651 1
530 705 1
531 599 1
536 543 1
536 571 1
536 582 1
536 737 1
537 892 1
539 555 1
539 575 1
539 821 1
539 841 1
540 945 1
541 669 1
541 729 1
541 795 1
542 560 1
542 803 1
542 841 1
543 779 1
544 612 1
545 716 1
545 861 1
547 977 1
548 796 1
549 829 1
552 568 1
554 565 1
554 844 1
557 820 1
557 902 1
558 564 1
558 713 1
558 801 1
558 875 1
558 960 1
559 670 1
559 674 1
559 685 1
559 767 1
559 902 1
559 976 1
561 795 1
562 859 1
563 659 1
563 759 1
564 804 1
565 695 1
565 983 1
567 702 1
567 789 1
568 570 1
568 776 1
568 817 1
569 858 1
570 571 1
570 576 1
571 628 1
571 935 1
574 872 1
575 582 1
575 738 1
576 588 1
577 689 1
577 920 1
579 682 1
579 873 1
581 634 1
581 740 1
581 901 1
583 822 1
583 916 1
584 664 1
584 783 1
584 882 1
585 624 1
585 695 1
585 710 1
587 959 1
587 997 1
588 638 1
589 643 1
593 926 1
594 673 1
594 855 1
594 986 1
595 598 1
596 832 1
597 747 1
597 889 1
598 757 1
598 984 1
599 770 1
599 936 1
599 960 1
600 944 1
602 620 1
603 667 1
604 663 1
604 755 1
604 989 1
605 612 1
605 851 1
605 955 1
606 816 1
608 635 1
608 785 1
608 887 1
608 964 1
609 973 1
610 674 1
610 868 1
614 673 1
614 723 1
614 743 1
616 655 1
616 717 1
616 827 1
616 921 1
616 951 1
617 806 1
617 959 1
618 621 1
619 648 1
619 672 1
619 745 1
619 884 1
619 900 1
620 904 1
622 863 1
623 850 1
623 894 1
624 816 1
624 849 1
624 910 1
626 708 1
626 761 1
626 989 1
628 661 1
628 813 1
628 838 1
628 950 1
629 897 1
630 654 1
630 677 1
631 858 1
631 917 1
633 730 1
633 843 1
633 870 1
633 926 1
636 930 1
637 852 1
637 901 1
638 789 1
641 738 1
641 802 1
642 850 1
643 744 1
643 966 1
645 936 1
645 960 1
646 994 1
648 649 1
648 792 1
648 897 1
648 995 1
649 651 1
650 870 1
651 873 1
652 742 1
653 718 1
653 834 1
653 947 1
654 785 1
654 831 1
654 928 1
656 812 1
660 692 1
660 748 1
660 949 1
661 895 1
661 975 1
661 976 1
662 682 1
662 988 1
664 828 1
664 987 1
671 701 1
671 861 1
672 827 1
674 714 1
675 754 1
676 867 1
677 869 1
678 835 1
678 940 1
681 762 1
682 714 1
682 938 1
682 964 1
683 686 1
683 849 1
683 896 1
683 932 1
683 961 1
684 815 1
685 946 1
687 743 1
688 811 1
688 818 1
690 807 1
690 913 1
691 704 1
692 859 1
692 972 1
693 978 1
694 715 1
694 776 1
694 869 1
700 880 1
701 767 1
701 782 1
706 906 1
706 957 1
707 835 1
709 758 1
709 815 1
711 892 1
712 875 1
713 859 1
718 762 1
718 778 1
718 797 1
720 728 1
721 917 1
722 788 1
724 995 1
726 828 1
726 939 1
727 992 1
728 898 1
729 731 1
729 788 1
729 965 1
730 917 1
731 781 1
732 818 1
733 982 1
734 836 1
738 761 1
740 884 1
742 755 1
742 889 1
745 800 1
747 932 1
749 797 1
752 764 1
753 786 1
753 805 1
753 937 1
755 943 1
757 775 1
758 780 1
758 806 1
760 891 1
760 968 1
764 768 1
764 899 1
765 798 1
765 938 1
767 845 1
772 947 1
775 831 1
775 934 1
776 916 1
781 965 1
788 868 1
790 913 1
791 900 1
791 914 1
793 816 1
793 890 1
795 810 1
797 899 1
799 889 1
803 852 1
803 924 1
804 903 1
806 866 1
809 885 1
816 865 1
822 848 1
822 893 1
824 866 1
825 906 1
826 922 1
831 834 1
835 929 1
835 933 1
836 855 1
839 843 1
844 895 1
848 919 1
850 984 1
854 909 1
866 933 1
871 903 1
871 920 1
872 981 1
874 962 1
876 941 1
879 947 1
882 981 1
883 902 1
890 994 1
894 999 1
906 929 1
906 1000 1
918 955 1
923 993 1
933 971 1
935 999 1
942 985 1
944 958 1
952 972 1
960 963 1
965 982 1
973 987 1
974 982 1
