3327 4552
1 2 1
1 3 1
1 4 1
1 5 1
1 6 1
1 7 1
1 8 1
1 9 1
1 10 1
1 11 1
1 12 1
2 285 1
2 746 1
2 747 1
4 814 1
4 943 1
4 1571 1
4 1572 1
4 1573 1
5 3175 1
6 97 1
6 779 1
6 921 1
6 922 1
6 1352 1
7 673 1
8 9 1
8 1064 1
9 229 1
9 765 1
9 981 1
9 1008 1
9 1184 1
9 1894 1
9 2329 1
9 2464 1
9 2465 1
10 1160 1
11 1160 1
11 2029 1
12 2445 1
12 2615 1
13 14 1
13 15 1
13 16 1
14 339 1
14 947 1
14 951 1
14 1076 1
14 1163 1
14 1601 1
14 1940 1
14 2255 1
14 2496 1
15 363 1
15 370 1
15 622 1
15 623 1
15 992 1
15 1041 1
15 1043 1
15 1109 1
15 1159 1
15 1192 1
15 1706 1
15 1711 1
15 1816 1
15 1819 1
15 1915 1
15 1978 1
15 2947 1
15 2996 1
16 157 1
16 581 1
16 1445 1
16 2947 1
17 18 1
19 20 1
19 21 1
19 22 1
20 128 1
20 129 1
20 3006 1
21 3053 1
22 3053 1
23 24 1
25 26 1
26 2981 1
27 28 1
27 29 1
28 2330 1
28 2331 1
29 1048 1
29 2338 1
29 3046 1
30 31 1
30 32 1
30 33 1
30 34 1
30 973 1
30 2944 1
31 975 1
31 1662 1
32 33 1
32 975 1
33 777 1
33 975 1
34 40 1
34 190 1
34 245 1
34 606 1
34 652 1
34 975 1
34 1261 1
34 1662 1
35 36 1
35 37 1
35 38 1
35 338 1
35 1154 1
35 2135 1
36 37 1
36 38 1
36 338 1
36 1154 1
36 1272 1
38 338 1
38 1154 1
38 2135 1
39 40 1
39 41 1
39 42 1
39 43 1
40 195 1
40 245 1
40 316 1
40 336 1
40 423 1
40 643 1
40 645 1
40 831 1
40 875 1
40 879 1
40 1236 1
40 1662 1
40 1739 1
40 2664 1
41 42 1
41 195 1
41 404 1
41 1402 1
41 1547 1
42 404 1
42 1402 1
42 1547 1
43 404 1
43 1237 1
44 45 1
44 46 1
44 47 1
45 634 1
46 283 1
46 378 1
47 637 1
47 1807 1
48 49 1
49 2014 1
50 51 1
51 824 1
51 1192 1
51 1259 1
51 1907 1
51 2650 1
51 2840 1
52 53 1
52 54 1
53 54 1
53 507 1
54 507 1
55 56 1
56 368 1
56 2729 1
57 58 1
57 59 1
57 60 1
58 904 1
59 1808 1
59 1809 1
60 892 1
60 990 1
60 991 1
60 1219 1
60 1809 1
61 62 1
62 211 1
62 212 1
62 920 1
62 1747 1
62 1748 1
63 64 1
64 285 1
64 1185 1
64 2617 1
65 66 1
67 68 1
67 69 1
67 634 1
67 997 1
67 1071 1
67 2333 1
67 2884 1
68 166 1
68 167 1
68 1167 1
69 348 1
69 370 1
69 939 1
69 1531 1
69 1819 1
69 3130 1
70 71 1
72 73 1
72 74 1
72 75 1
72 76 1
72 77 1
72 3083 1
73 75 1
73 1073 1
73 1366 1
73 1368 1
73 3083 1
74 75 1
74 77 1
74 1073 1
74 1366 1
74 1368 1
74 3083 1
75 77 1
75 1366 1
75 1368 1
76 1368 1
78 79 1
79 736 1
79 2750 1
80 81 1
80 82 1
80 251 1
80 2399 1
81 587 1
81 588 1
81 589 1
81 590 1
81 2314 1
82 587 1
82 588 1
82 589 1
82 590 1
82 2314 1
83 84 1
85 86 1
86 2005 1
86 2706 1
87 88 1
89 90 1
90 375 1
91 92 1
91 93 1
94 95 1
96 97 1
96 98 1
97 230 1
97 483 1
97 484 1
97 1062 1
97 1202 1
97 1290 1
97 1713 1
97 1841 1
97 2441 1
97 2444 1
97 3109 1
98 599 1
98 1290 1
99 100 1
99 101 1
99 102 1
100 464 1
100 465 1
100 2049 1
100 2197 1
100 3150 1
101 1248 1
102 397 1
102 1786 1
102 2385 1
103 104 1
105 106 1
105 1277 1
106 1277 1
106 3199 1
107 108 1
107 109 1
107 110 1
107 111 1
108 969 1
108 2490 1
108 3000 1
109 110 1
109 111 1
109 3190 1
112 113 1
114 115 1
114 116 1
114 117 1
114 118 1
114 119 1
114 120 1
115 120 1
115 2091 1
115 2125 1
116 122 1
116 787 1
116 971 1
116 1583 1
116 1584 1
116 2355 1
116 2895 1
116 3136 1
116 3139 1
117 400 1
117 1160 1
118 1839 1
119 1647 1
120 2864 1
120 3139 1
121 122 1
121 123 1
122 977 1
122 1586 1
122 1587 1
123 976 1
124 125 1
124 126 1
124 127 1
125 126 1
125 1104 1
125 1105 1
125 2375 1
125 2376 1
125 2377 1
126 127 1
130 131 1
131 223 1
132 133 1
134 135 1
134 136 1
134 137 1
134 2004 1
135 137 1
135 2004 1
136 158 1
137 158 1
137 197 1
137 1291 1
137 1532 1
138 139 1
140 141 1
140 142 1
141 142 1
141 303 1
141 549 1
141 3223 1
142 2429 1
142 3223 1
143 144 1
145 576 1
146 147 1
146 1516 1
148 149 1
148 150 1
148 151 1
148 152 1
148 153 1
148 154 1
148 155 1
149 151 1
149 155 1
149 201 1
149 427 1
149 504 1
149 505 1
150 151 1
150 155 1
150 201 1
150 427 1
150 504 1
150 505 1
151 201 1
151 427 1
151 2846 1
152 553 1
152 1351 1
153 154 1
153 197 1
153 218 1
153 553 1
153 2050 1
154 553 1
155 553 1
156 157 1
157 1445 1
157 2947 1
158 159 1
158 160 1
159 160 1
159 1956 1
160 376 1
160 377 1
160 1123 1
160 1956 1
161 162 1
162 542 1
162 988 1
162 1532 1
163 164 1
163 165 1
163 166 1
163 167 1
163 363 1
164 166 1
164 167 1
164 371 1
164 634 1
164 726 1
164 1798 1
164 2119 1
165 363 1
165 371 1
165 372 1
165 680 1
165 692 1
165 928 1
165 938 1
165 1067 1
165 2115 1
165 2325 1
166 371 1
166 409 1
166 433 1
166 634 1
166 636 1
166 1167 1
166 1798 1
166 1800 1
166 2119 1
167 371 1
167 634 1
168 169 1
170 171 1
170 172 1
170 173 1
170 174 1
170 175 1
171 606 1
171 607 1
171 2049 1
172 174 1
172 2049 1
172 2197 1
173 536 1
173 1051 1
173 2049 1
173 2740 1
174 536 1
174 867 1
174 896 1
174 1553 1
174 2049 1
175 2049 1
176 177 1
176 178 1
179 180 1
180 2736 1
181 182 1
181 183 1
181 184 1
181 185 1
181 186 1
181 187 1
181 188 1
181 189 1
182 1512 1
183 184 1
183 1340 1
183 1512 1
183 3115 1
184 1512 1
184 2230 1
184 2821 1
184 3115 1
185 743 1
185 768 1
185 1512 1
185 2698 1
185 2726 1
186 189 1
186 1512 1
186 3115 1
187 189 1
187 1512 1
188 617 1
188 785 1
188 1339 1
188 1340 1
188 1341 1
188 1512 1
188 2773 1
188 2774 1
188 3076 1
189 1512 1
189 2007 1
189 3000 1
190 191 1
190 192 1
190 193 1
190 194 1
190 195 1
190 196 1
191 194 1
191 196 1
191 577 1
191 1776 1
192 194 1
192 196 1
192 577 1
192 1776 1
193 821 1
194 1777 1
195 577 1
195 2167 1
197 198 1
197 199 1
197 200 1
197 201 1
198 553 1
200 376 1
200 1956 1
201 2440 1
201 3047 1
202 203 1
202 204 1
203 204 1
204 2851 1
205 206 1
205 3104 1
207 208 1
207 209 1
207 940 1
209 941 1
209 2198 1
210 211 1
210 212 1
210 2889 1
211 720 1
211 721 1
211 722 1
211 723 1
211 724 1
211 919 1
212 239 1
212 897 1
212 898 1
212 899 1
212 2479 1
213 214 1
213 215 1
213 216 1
214 297 1
214 1039 1
215 369 1
216 1492 1
216 1635 1
217 218 1
217 219 1
218 553 1
218 2730 1
219 603 1
219 3171 1
220 221 1
220 222 1
220 2812 1
221 222 1
221 2812 1
222 288 1
222 289 1
222 720 1
222 3221 1
224 225 1
224 226 1
224 227 1
225 312 1
226 312 1
227 312 1
228 229 1
230 2041 1
230 2042 1
231 232 1
233 234 1
235 236 1
235 237 1
235 238 1
235 1847 1
240 241 1
241 1820 1
241 1898 1
241 2036 1
241 2854 1
242 243 1
242 244 1
242 1994 1
243 2049 1
244 1202 1
246 247 1
246 248 1
246 3141 1
247 3141 1
248 529 1
248 534 1
249 250 1
249 2895 1
250 2194 1
250 2895 1
251 2399 1
252 253 1
253 1967 1
254 255 1
255 473 1
256 257 1
258 259 1
258 260 1
259 380 1
259 569 1
259 570 1
259 694 1
259 696 1
259 697 1
260 748 1
260 1601 1
260 1734 1
260 2045 1
260 2046 1
260 3140 1
260 3269 1
261 262 1
261 263 1
261 264 1
261 265 1
261 266 1
261 267 1
261 268 1
261 269 1
261 1601 1
261 2496 1
263 410 1
263 1256 1
263 1601 1
263 1627 1
265 1601 1
265 3278 1
266 344 1
266 382 1
266 562 1
266 947 1
266 1076 1
266 1940 1
266 2070 1
267 2184 1
268 575 1
268 832 1
268 1055 1
268 1253 1
268 1503 1
268 1601 1
268 1627 1
268 1734 1
268 1939 1
268 2496 1
268 2703 1
269 1601 1
270 271 1
270 2981 1
271 1052 1
272 273 1
272 274 1
272 275 1
272 1816 1
274 363 1
274 399 1
274 1739 1
274 2011 1
274 2616 1
274 2806 1
275 2011 1
276 277 1
276 278 1
277 537 1
277 538 1
278 489 1
278 589 1
278 2511 1
278 2512 1
278 2513 1
278 2932 1
279 280 1
279 281 1
279 282 1
279 283 1
279 284 1
279 285 1
280 365 1
280 1816 1
281 324 1
281 1641 1
282 1660 1
283 324 1
283 379 1
283 380 1
283 381 1
283 382 1
283 637 1
283 678 1
283 1020 1
283 1041 1
283 1043 1
283 2454 1
283 3054 1
284 756 1
284 1543 1
285 905 1
285 1697 1
285 1933 1
285 2062 1
286 287 1
286 1128 1
286 1448 1
288 289 1
290 291 1
291 1419 1
292 293 1
293 871 1
293 1107 1
293 2402 1
293 2763 1
293 2793 1
293 2828 1
294 295 1
294 296 1
294 297 1
294 298 1
294 299 1
294 677 1
294 1197 1
295 529 1
295 530 1
295 534 1
295 677 1
295 1035 1
295 1078 1
295 1197 1
295 1391 1
295 1533 1
295 1915 1
296 299 1
297 1035 1
297 1056 1
297 1078 1
297 1197 1
297 1198 1
297 1391 1
297 1533 1
297 1997 1
298 1163 1
299 677 1
299 1035 1
299 1078 1
299 1391 1
299 1533 1
300 301 1
300 302 1
300 1400 1
300 1401 1
302 1400 1
302 1401 1
302 2118 1
304 305 1
305 3158 1
306 307 1
306 3043 1
307 440 1
307 3043 1
308 309 1
310 311 1
310 2195 1
312 313 1
314 315 1
316 317 1
318 319 1
320 321 1
320 322 1
320 323 1
320 324 1
320 325 1
320 326 1
321 813 1
322 324 1
322 863 1
322 1896 1
322 2617 1
323 813 1
324 378 1
324 863 1
324 1896 1
324 2249 1
324 2617 1
327 328 1
327 329 1
327 330 1
328 329 1
328 1344 1
328 3080 1
329 2767 1
329 3080 1
330 712 1
330 3080 1
331 332 1
331 333 1
332 1510 1
333 1394 1
334 335 1
336 1662 1
337 338 1
337 1270 1
337 2306 1
338 1272 1
339 340 1
339 341 1
339 342 1
339 343 1
339 344 1
339 345 1
339 947 1
339 951 1
339 953 1
339 1076 1
339 1601 1
339 1940 1
339 2255 1
340 343 1
340 947 1
340 2255 1
341 594 1
341 945 1
341 947 1
341 951 1
341 953 1
341 1076 1
341 1077 1
341 1601 1
341 1940 1
341 2255 1
341 2258 1
341 2496 1
342 410 1
342 594 1
342 595 1
342 947 1
342 951 1
342 953 1
342 1076 1
342 1940 1
342 2255 1
342 2258 1
342 2496 1
343 945 1
343 947 1
343 951 1
343 953 1
343 1076 1
343 1163 1
343 1601 1
343 1751 1
343 1940 1
343 2070 1
343 2255 1
343 2258 1
343 2496 1
344 947 1
344 1077 1
345 410 1
345 595 1
345 947 1
345 951 1
345 953 1
345 1076 1
345 1940 1
345 2255 1
345 2496 1
346 347 1
347 1307 1
348 349 1
348 350 1
348 351 1
348 352 1
348 353 1
348 354 1
348 355 1
348 1816 1
348 1915 1
349 603 1
349 804 1
349 805 1
349 1819 1
349 2837 1
350 353 1
350 1819 1
351 363 1
351 369 1
351 370 1
351 938 1
351 1819 1
351 2323 1
352 370 1
352 938 1
352 1040 1
352 1186 1
352 1189 1
352 1819 1
353 714 1
353 715 1
353 1819 1
354 938 1
354 939 1
354 1819 1
354 2115 1
354 2325 1
355 370 1
355 939 1
355 1128 1
355 1133 1
355 1819 1
355 2982 1
356 357 1
356 837 1
357 374 1
357 835 1
357 938 1
357 1816 1
358 359 1
358 360 1
358 361 1
358 362 1
358 2771 1
359 360 1
360 361 1
360 362 1
360 2771 1
361 2251 1
362 2771 1
363 364 1
363 365 1
363 366 1
363 367 1
363 368 1
363 369 1
363 370 1
363 371 1
363 372 1
363 373 1
363 1816 1
364 367 1
364 929 1
364 1816 1
365 575 1
365 679 1
365 938 1
365 1015 1
365 1021 1
365 1041 1
365 1214 1
365 1215 1
365 1216 1
366 992 1
366 2673 1
366 2996 1
367 1799 1
368 1816 1
369 2323 1
370 938 1
370 2102 1
370 2325 1
370 2326 1
371 2119 1
372 1192 1
373 703 1
374 835 1
374 837 1
374 1816 1
377 1956 1
378 379 1
378 380 1
378 381 1
378 382 1
379 1028 1
379 1044 1
379 1631 1
379 2408 1
380 568 1
380 570 1
380 678 1
380 1043 1
380 1067 1
380 1100 1
380 1790 1
380 1821 1
380 2709 1
381 678 1
381 1043 1
381 1067 1
381 1821 1
381 2709 1
382 409 1
382 556 1
382 663 1
382 833 1
382 945 1
382 1043 1
382 1065 1
382 1067 1
382 1076 1
382 1168 1
382 1468 1
382 1492 1
382 1601 1
382 1627 1
382 1628 1
382 1734 1
382 1806 1
382 1816 1
382 1940 1
382 2044 1
382 2100 1
382 2255 1
382 2494 1
382 2496 1
383 384 1
383 385 1
383 386 1
383 387 1
383 388 1
383 389 1
384 866 1
385 3110 1
386 388 1
386 3189 1
388 3189 1
389 853 1
390 391 1
392 393 1
392 394 1
392 395 1
392 1262 1
392 1270 1
392 2098 1
393 395 1
393 2098 1
395 999 1
395 1097 1
395 1270 1
395 1273 1
395 2098 1
396 397 1
396 398 1
397 2681 1
398 1956 1
401 402 1
401 403 1
402 403 1
402 3032 1
403 1191 1
403 3032 1
404 405 1
404 406 1
404 407 1
404 408 1
404 1127 1
405 745 1
406 640 1
406 1222 1
406 1223 1
407 645 1
409 410 1
409 411 1
409 412 1
409 413 1
409 414 1
409 2496 1
410 556 1
410 1601 1
410 1627 1
410 2044 1
410 2461 1
410 2497 1
410 2569 1
411 663 1
411 1628 1
411 2496 1
412 790 1
412 1941 1
413 414 1
413 592 1
413 833 1
413 938 1
413 1601 1
413 1806 1
413 2044 1
413 2075 1
413 2462 1
414 1818 1
415 416 1
415 417 1
415 418 1
415 1246 1
416 2934 1
417 2934 1
418 2934 1
419 420 1
421 422 1
421 1550 1
422 1550 1
423 1662 1
424 425 1
424 426 1
424 2314 1
424 2318 1
426 3033 1
427 428 1
427 1226 1
428 553 1
428 1226 1
429 430 1
429 2707 1
430 2707 1
431 432 1
432 2026 1
432 2027 1
432 2028 1
433 434 1
433 435 1
433 436 1
433 437 1
433 438 1
433 439 1
433 634 1
434 439 1
434 636 1
435 636 1
435 819 1
435 1500 1
435 1601 1
436 636 1
436 2324 1
437 636 1
437 676 1
437 832 1
437 1468 1
437 1499 1
437 2496 1
438 636 1
438 1111 1
438 1114 1
438 1535 1
438 1537 1
438 1601 1
438 1734 1
439 634 1
439 636 1
439 992 1
439 2134 1
439 2996 1
440 2051 1
440 2056 1
441 442 1
442 1982 1
442 1984 1
443 444 1
443 445 1
444 506 1
445 506 1
446 447 1
446 1861 1
447 1220 1
447 1861 1
447 2322 1
447 2877 1
447 3102 1
448 449 1
448 450 1
448 451 1
448 452 1
448 453 1
448 454 1
448 455 1
448 2388 1
448 2895 1
448 2918 1
449 461 1
449 880 1
449 888 1
449 1002 1
449 1684 1
449 2854 1
450 1002 1
451 1002 1
452 1002 1
452 1103 1
452 1670 1
453 1002 1
454 1002 1
454 2270 1
454 2271 1
454 2272 1
455 1002 1
455 2271 1
455 2272 1
455 2273 1
456 457 1
456 2712 1
457 2254 1
457 3079 1
458 459 1
458 1551 1
459 1352 1
460 461 1
460 462 1
461 876 1
461 877 1
461 881 1
461 1101 1
461 1239 1
461 1684 1
461 2854 1
462 2096 1
463 2155 1
464 3150 1
465 1739 1
465 1757 1
465 3150 1
466 467 1
468 469 1
468 470 1
468 471 1
468 472 1
468 473 1
468 474 1
468 475 1
468 476 1
468 477 1
471 1981 1
471 2958 1
473 2674 1
473 2675 1
477 3277 1
478 479 1
478 480 1
479 480 1
479 1700 1
479 2939 1
480 1479 1
480 2939 1
481 482 1
483 484 1
483 2442 1
485 486 1
486 617 1
487 488 1
487 489 1
488 2610 1
488 2932 1
489 2513 1
489 2610 1
489 2916 1
490 491 1
492 493 1
492 2049 1
492 3089 1
493 1762 1
493 1763 1
494 495 1
494 496 1
495 1508 1
495 1987 1
497 498 1
497 499 1
498 2664 1
499 913 1
499 1846 1
500 501 1
500 502 1
500 503 1
500 626 1
500 1479 1
503 1964 1
503 2244 1
503 2805 1
508 509 1
510 511 1
510 512 1
510 513 1
512 2555 1
512 2563 1
512 2565 1
513 2565 1
514 515 1
515 1063 1
515 3020 1
516 517 1
517 2073 1
518 519 1
518 520 1
519 1180 1
519 1182 1
519 1183 1
519 1764 1
519 2983 1
520 1180 1
520 1182 1
520 1183 1
520 1764 1
520 2983 1
521 522 1
522 1235 1
523 524 1
523 525 1
523 526 1
523 527 1
527 992 1
527 2996 1
527 3123 1
528 529 1
528 530 1
528 531 1
528 532 1
528 533 1
528 534 1
528 535 1
528 1168 1
528 1321 1
528 1492 1
528 1498 1
528 1601 1
528 1734 1
528 1735 1
528 1939 1
528 3269 1
529 530 1
529 1492 1
529 1498 1
529 1601 1
529 1633 1
529 1734 1
529 1735 1
529 3234 1
529 3268 1
530 1065 1
530 1163 1
530 1505 1
530 1601 1
530 1634 1
530 1735 1
531 557 1
531 938 1
531 1253 1
531 1505 1
531 1733 1
531 1734 1
532 1163 1
532 1492 1
532 1601 1
533 1168 1
533 1321 1
533 1492 1
533 1498 1
533 1601 1
533 1627 1
533 1734 1
533 1735 1
533 1939 1
533 3268 1
533 3269 1
534 676 1
534 1163 1
534 1492 1
534 1498 1
534 1505 1
534 1601 1
534 1633 1
534 1665 1
534 1733 1
534 1734 1
534 1735 1
534 1880 1
534 2496 1
534 3234 1
534 3268 1
535 689 1
535 1321 1
535 1377 1
535 1498 1
535 1601 1
535 1625 1
535 1734 1
537 538 1
539 540 1
539 541 1
541 840 1
541 1783 1
541 2528 1
543 544 1
543 545 1
543 546 1
543 547 1
543 548 1
544 548 1
544 810 1
545 548 1
545 810 1
546 547 1
546 810 1
547 810 1
547 1971 1
548 810 1
548 1846 1
549 1490 1
549 1965 1
549 3223 1
550 551 1
550 552 1
550 919 1
550 1569 1
550 1915 1
551 1708 1
552 3248 1
553 554 1
553 555 1
554 1160 1
554 2312 1
555 3047 1
556 557 1
556 1601 1
556 1619 1
556 1734 1
556 2070 1
557 1172 1
557 1253 1
557 1254 1
557 1255 1
557 1492 1
557 1734 1
558 559 1
558 2274 1
559 673 1
559 2274 1
560 561 1
560 562 1
561 562 1
562 945 1
562 947 1
563 564 1
563 565 1
564 1558 1
566 567 1
568 569 1
568 570 1
568 571 1
568 1043 1
569 1100 1
570 1100 1
571 1043 1
571 1100 1
571 2090 1
572 573 1
572 2390 1
573 3163 1
573 3164 1
574 575 1
574 1516 1
575 898 1
575 1016 1
575 1027 1
575 1043 1
575 1601 1
575 1816 1
575 2798 1
575 3268 1
577 578 1
579 580 1
579 1465 1
579 1943 1
580 1439 1
580 1441 1
581 582 1
581 2047 1
581 2947 1
582 1043 1
582 2947 1
583 584 1
583 2081 1
584 2081 1
584 2083 1
584 2723 1
585 586 1
585 1728 1
585 2932 1
586 1723 1
587 2793 1
588 1085 1
589 972 1
589 1903 1
589 2314 1
590 800 1
590 830 1
590 1861 1
590 2186 1
590 2246 1
591 592 1
591 593 1
591 992 1
591 1041 1
591 2996 1
591 2997 1
592 692 1
592 1027 1
592 1041 1
592 1163 1
594 595 1
594 951 1
594 953 1
594 954 1
594 1163 1
594 1939 1
594 2255 1
594 2258 1
595 1601 1
595 2072 1
595 2258 1
596 597 1
597 1341 1
597 2097 1
597 2821 1
597 3002 1
598 599 1
598 669 1
599 2041 1
599 2288 1
599 2441 1
599 2442 1
599 2443 1
599 2444 1
599 3212 1
600 601 1
601 778 1
601 780 1
601 970 1
601 1924 1
602 603 1
603 843 1
603 2958 1
603 3074 1
604 605 1
604 1579 1
605 1576 1
605 1577 1
605 1579 1
605 1580 1
606 607 1
606 1544 1
606 1739 1
606 1741 1
606 2048 1
606 2632 1
607 1739 1
607 2048 1
607 2632 1
608 609 1
608 1103 1
608 2386 1
609 1103 1
609 1895 1
609 2386 1
609 2390 1
609 2544 1
610 611 1
612 613 1
612 614 1
614 1729 1
614 3117 1
614 3157 1
614 3158 1
615 616 1
615 1075 1
615 3083 1
616 1075 1
616 1394 1
616 3083 1
618 619 1
620 621 1
620 2284 1
621 1981 1
621 2284 1
622 623 1
622 1915 1
623 1915 1
623 1978 1
623 2947 1
624 625 1
626 627 1
627 2415 1
628 629 1
628 630 1
631 632 1
631 633 1
632 2333 1
633 2925 1
634 635 1
634 636 1
634 637 1
635 676 1
635 1492 1
635 1601 1
636 731 1
637 673 1
637 680 1
637 693 1
637 818 1
637 948 1
637 1020 1
637 1807 1
638 639 1
640 641 1
640 642 1
640 643 1
640 644 1
643 648 1
643 650 1
643 1778 1
644 1620 1
644 1778 1
645 646 1
645 647 1
645 648 1
645 649 1
645 650 1
645 651 1
645 652 1
645 1696 1
646 648 1
646 1698 1
646 2081 1
647 649 1
648 1478 1
648 2081 1
652 875 1
652 879 1
653 654 1
653 655 1
653 3074 1
654 2475 1
655 2475 1
656 657 1
656 658 1
657 2977 1
658 2977 1
658 2978 1
658 2980 1
659 660 1
659 2390 1
660 1888 1
660 1895 1
661 662 1
661 1127 1
663 664 1
663 1601 1
663 1627 1
663 2496 1
664 1076 1
664 1467 1
664 1601 1
664 1627 1
664 1628 1
664 1940 1
664 2260 1
664 2261 1
664 2496 1
664 3268 1
665 666 1
665 667 1
665 668 1
666 1386 1
666 1712 1
667 1386 1
667 1712 1
668 1525 1
669 670 1
671 672 1
673 674 1
673 675 1
673 676 1
673 677 1
673 678 1
673 679 1
673 680 1
673 948 1
674 1020 1
674 2049 1
675 676 1
675 679 1
675 1015 1
675 1016 1
675 1067 1
675 1535 1
675 1816 1
675 1819 1
676 1065 1
676 1066 1
676 1067 1
676 1816 1
676 1819 1
678 913 1
678 1020 1
678 1029 1
678 1305 1
678 1306 1
678 1308 1
678 1821 1
678 2010 1
679 1816 1
680 1819 1
681 682 1
683 684 1
683 3268 1
685 686 1
685 687 1
685 688 1
686 2251 1
686 2990 1
686 3001 1
686 3002 1
687 770 1
687 882 1
687 1454 1
687 1455 1
687 3001 1
688 3001 1
688 3002 1
690 691 1
692 693 1
692 694 1
692 695 1
692 696 1
692 697 1
692 1041 1
692 1043 1
692 1819 1
693 1163 1
693 1498 1
693 1601 1
694 695 1
694 696 1
694 1067 1
694 1445 1
695 1067 1
695 1445 1
696 929 1
696 1067 1
696 1445 1
698 699 1
698 700 1
699 2635 1
699 2720 1
700 1418 1
700 1906 1
701 702 1
701 703 1
702 703 1
703 1095 1
703 2051 1
703 3119 1
704 705 1
704 706 1
704 2762 1
705 706 1
705 2762 1
706 2390 1
707 708 1
707 2367 1
707 2368 1
708 2367 1
708 2368 1
709 710 1
709 711 1
710 992 1
710 2996 1
711 992 1
711 1208 1
711 2472 1
711 2996 1
712 713 1
713 1574 1
714 715 1
716 717 1
716 1519 1
717 1519 1
718 719 1
720 1659 1
722 1624 1
724 2345 1
725 726 1
725 2119 1
726 2119 1
727 728 1
727 2555 1
728 2551 1
728 2555 1
728 2563 1
729 730 1
731 732 1
731 733 1
731 734 1
731 735 1
732 2778 1
733 735 1
734 735 1
736 1088 1
737 738 1
737 739 1
738 2238 1
740 741 1
740 742 1
743 744 1
743 2698 1
746 1031 1
746 1182 1
746 1221 1
746 2318 1
746 2819 1
746 2895 1
749 750 1
749 751 1
749 798 1
749 799 1
750 2362 1
750 2363 1
750 2612 1
751 2362 1
751 2611 1
751 2612 1
752 753 1
754 755 1
754 756 1
754 1543 1
755 1543 1
757 758 1
758 938 1
758 1819 1
759 760 1
759 761 1
759 3005 1
760 761 1
760 2996 1
761 992 1
761 2996 1
761 2997 1
762 763 1
762 764 1
762 765 1
762 766 1
763 2149 1
764 2149 1
765 2149 1
766 2149 1
767 768 1
767 1775 1
768 2698 1
769 770 1
769 2533 1
770 882 1
770 3076 1
771 772 1
771 773 1
772 773 1
772 1383 1
772 3131 1
773 3131 1
773 3257 1
774 775 1
775 3198 1
776 777 1
777 1057 1
778 779 1
778 780 1
778 921 1
778 2880 1
779 922 1
779 970 1
779 2880 1
780 970 1
781 782 1
782 3269 1
783 784 1
783 785 1
783 2656 1
784 2659 1
785 1010 1
785 2659 1
785 3002 1
785 3004 1
785 3076 1
785 3162 1
786 787 1
787 1101 1
787 1584 1
787 1585 1
787 1594 1
788 789 1
789 1534 1
790 3269 1
791 792 1
792 1492 1
792 1601 1
792 1618 1
792 1734 1
793 794 1
793 795 1
796 797 1
796 1357 1
797 1357 1
797 1369 1
797 1396 1
798 799 1
800 801 1
801 2186 1
802 803 1
804 805 1
805 2828 1
805 3249 1
806 807 1
808 809 1
811 812 1
812 2187 1
814 815 1
815 1404 1
815 1689 1
815 1772 1
815 1975 1
815 2854 1
815 3048 1
816 817 1
817 2267 1
818 819 1
818 820 1
818 821 1
819 867 1
820 821 1
822 823 1
822 2428 1
823 2493 1
825 826 1
826 2034 1
826 2655 1
827 828 1
829 830 1
829 2314 1
829 2318 1
829 2819 1
830 2314 1
830 2318 1
830 2819 1
832 833 1
832 834 1
833 1112 1
833 1169 1
833 1494 1
833 1495 1
833 1496 1
833 2044 1
834 1056 1
834 1253 1
834 1601 1
834 1734 1
834 2496 1
835 836 1
835 837 1
836 1816 1
838 839 1
840 841 1
840 842 1
840 2532 1
841 1792 1
841 1793 1
841 2528 1
842 2291 1
842 2528 1
843 844 1
843 845 1
843 846 1
843 847 1
848 849 1
849 3007 1
850 851 1
850 925 1
850 2957 1
851 1016 1
851 3267 1
852 853 1
853 923 1
853 2426 1
854 855 1
854 856 1
854 857 1
854 858 1
855 2787 1
856 3095 1
856 3097 1
858 3095 1
859 860 1
860 1432 1
861 862 1
861 1005 1
862 1005 1
862 1365 1
862 1368 1
862 3083 1
863 864 1
863 865 1
863 1896 1
866 1642 1
868 869 1
868 870 1
868 1815 1
869 870 1
869 1815 1
870 1815 1
871 872 1
871 873 1
871 874 1
872 1107 1
873 878 1
873 1107 1
873 1133 1
873 2982 1
874 1107 1
875 1544 1
875 1637 1
875 1739 1
876 877 1
876 880 1
877 880 1
877 1788 1
878 2152 1
878 2982 1
879 2664 1
880 881 1
880 1101 1
880 1684 1
880 2854 1
881 1684 1
881 1689 1
882 883 1
882 1454 1
882 2236 1
884 885 1
884 2333 1
886 887 1
887 2340 1
888 1887 1
888 2597 1
889 890 1
889 992 1
889 2996 1
891 892 1
891 893 1
891 1094 1
891 1363 1
891 1364 1
891 1698 1
891 2309 1
892 893 1
892 1092 1
892 1093 1
892 1094 1
892 1363 1
892 1364 1
892 1698 1
892 2309 1
893 1094 1
893 1364 1
893 1698 1
893 2309 1
894 895 1
896 1757 1
897 1706 1
897 2813 1
897 2841 1
898 2744 1
898 2798 1
899 924 1
899 1106 1
899 1929 1
900 901 1
900 1839 1
900 2178 1
900 2281 1
902 903 1
904 1303 1
904 2071 1
905 1478 1
906 907 1
906 1156 1
906 1714 1
908 909 1
908 1163 1
908 1167 1
908 1492 1
908 1601 1
908 1625 1
908 1635 1
908 1734 1
909 1170 1
909 1625 1
909 1635 1
910 911 1
910 912 1
910 1145 1
910 1456 1
910 1937 1
910 2892 1
911 2249 1
912 1688 1
912 2704 1
913 914 1
913 915 1
913 916 1
913 3084 1
915 1846 1
915 2664 1
916 1163 1
916 1821 1
916 1939 1
917 918 1
918 1960 1
918 3189 1
919 920 1
919 1915 1
921 922 1
921 2880 1
922 2880 1
923 2426 1
923 3009 1
923 3235 1
926 927 1
928 929 1
930 931 1
932 933 1
933 2921 1
933 2924 1
934 935 1
934 936 1
934 937 1
935 1192 1
935 1283 1
936 1192 1
936 1283 1
937 1192 1
937 1283 1
938 939 1
938 1816 1
939 1328 1
939 1530 1
939 1819 1
939 2065 1
939 2069 1
939 2115 1
940 941 1
940 942 1
940 943 1
940 944 1
941 943 1
941 1719 1
941 2731 1
941 3195 1
942 943 1
943 2813 1
944 1719 1
944 2731 1
945 946 1
945 947 1
945 948 1
945 949 1
945 950 1
945 951 1
945 952 1
945 953 1
945 954 1
946 1076 1
946 1303 1
946 1940 1
947 951 1
947 1037 1
947 1695 1
947 2070 1
949 1448 1
949 1452 1
949 1750 1
949 2255 1
950 1163 1
950 1601 1
950 1627 1
950 1939 1
951 953 1
951 954 1
951 1077 1
951 1939 1
951 2255 1
951 2496 1
952 3172 1
953 954 1
953 1077 1
953 1939 1
953 1940 1
953 2255 1
953 2258 1
953 2496 1
954 1076 1
954 1077 1
954 1601 1
954 1939 1
954 1940 1
954 2070 1
954 2255 1
954 2258 1
954 2496 1
955 956 1
956 2801 1
956 3200 1
957 958 1
957 1908 1
957 1911 1
957 1912 1
958 1908 1
958 1911 1
959 960 1
961 962 1
962 2918 1
963 964 1
964 1178 1
964 1179 1
964 2858 1
965 966 1
965 967 1
966 2381 1
967 2381 1
968 969 1
970 2880 1
971 2355 1
972 1073 1
972 1368 1
973 974 1
973 975 1
974 1019 1
974 1662 1
975 2944 1
976 977 1
977 2332 1
978 979 1
979 1414 1
980 981 1
981 1684 1
982 983 1
982 2312 1
983 2313 1
984 985 1
984 986 1
984 987 1
987 1101 1
987 2357 1
988 989 1
989 3131 1
990 991 1
990 2249 1
991 3128 1
992 993 1
993 2591 1
993 2592 1
993 2996 1
994 995 1
994 996 1
994 1561 1
996 1561 1
997 998 1
997 1516 1
998 1575 1
999 1262 1
999 1267 1
999 1270 1
999 1273 1
999 1274 1
999 2098 1
999 2099 1
1000 1001 1
1003 1004 1
1004 1712 1
1006 1007 1
1006 1008 1
1007 1378 1
1007 1919 1
1007 2386 1
1007 2747 1
1008 1103 1
1008 1343 1
1008 2386 1
1008 2595 1
1008 2618 1
1009 1010 1
1010 1455 1
1010 3076 1
1011 1012 1
1011 1013 1
1011 1014 1
1013 1656 1
1013 1657 1
1013 1658 1
1013 2470 1
1013 2658 1
1013 3051 1
1015 1622 1
1015 1816 1
1016 1043 1
1016 1142 1
1016 1163 1
1016 1492 1
1016 1499 1
1016 1601 1
1016 1630 1
1016 1705 1
1016 2010 1
1016 2065 1
1016 2434 1
1016 2435 1
1017 1018 1
1018 1477 1
1019 1662 1
1020 1021 1
1020 1022 1
1020 1023 1
1020 1024 1
1020 1025 1
1020 1026 1
1020 1027 1
1020 1028 1
1020 1029 1
1020 1030 1
1020 1108 1
1021 1816 1
1021 2011 1
1021 3268 1
1022 1108 1
1022 1301 1
1022 1302 1
1022 3150 1
1023 1429 1
1024 1026 1
1025 1026 1
1027 1196 1
1027 1816 1
1027 1817 1
1027 2090 1
1028 1043 1
1028 1631 1
1028 2408 1
1028 2709 1
1030 2314 1
1031 1032 1
1033 1034 1
1034 1655 1
1034 1883 1
1035 1036 1
1035 1037 1
1035 1038 1
1035 1039 1
1035 1040 1
1036 1039 1
1036 1078 1
1036 1391 1
1036 1533 1
1037 1114 1
1037 1533 1
1037 2928 1
1038 1039 1
1038 1163 1
1038 1198 1
1038 1533 1
1038 3268 1
1039 1198 1
1039 1533 1
1039 1736 1
1039 2403 1
1039 3268 1
1041 1042 1
1041 1043 1
1041 1044 1
1042 1043 1
1042 1790 1
1043 1044 1
1043 1305 1
1043 1306 1
1043 1790 1
1043 1791 1
1043 1821 1
1043 2066 1
1043 2069 1
1043 2718 1
1044 2069 1
1044 2709 1
1044 3118 1
1045 1046 1
1045 1047 1
1046 1047 1
1047 2772 1
1048 1049 1
1048 1050 1
1053 1054 1
1054 1849 1
1055 1056 1
1057 2998 1
1058 1059 1
1058 1060 1
1058 1061 1
1059 1061 1
1060 2966 1
1064 1858 1
1064 1861 1
1064 2246 1
1064 2314 1
1064 2322 1
1065 1111 1
1065 1112 1
1065 1113 1
1065 1114 1
1065 1115 1
1065 1816 1
1066 1078 1
1066 1391 1
1067 2066 1
1067 2068 1
1068 1069 1
1068 1070 1
1069 1070 1
1069 1329 1
1069 1725 1
1069 2514 1
1069 2932 1
1070 1725 1
1070 2888 1
1071 1072 1
1072 2308 1
1073 1074 1
1073 1075 1
1073 3083 1
1074 2314 1
1075 1368 1
1076 1077 1
1077 1940 1
1077 2255 1
1077 2740 1
1078 1079 1
1078 1080 1
1078 1081 1
1078 1082 1
1078 1083 1
1078 1084 1
1078 1816 1
1079 1391 1
1080 1083 1
1080 1084 1
1080 1391 1
1081 1082 1
1081 1391 1
1082 1391 1
1083 1084 1
1083 1391 1
1083 3268 1
1084 1391 1
1085 1086 1
1085 1087 1
1085 1088 1
1085 1089 1
1085 1090 1
1086 1088 1
1087 1484 1
1089 1090 1
1089 1375 1
1091 1092 1
1091 1093 1
1091 1094 1
1092 1364 1
1092 1698 1
1092 2309 1
1093 1470 1
1093 2249 1
1093 2279 1
1093 2917 1
1094 1148 1
1094 1363 1
1094 1699 1
1094 1809 1
1094 2917 1
1094 3088 1
1095 1096 1
1095 2055 1
1097 1262 1
1097 1270 1
1097 1273 1
1097 1274 1
1097 2098 1
1097 2099 1
1098 1099 1
1101 1690 1
1101 2854 1
1102 1103 1
1103 1658 1
1103 1673 1
1103 1688 1
1103 1886 1
1103 1888 1
1103 1895 1
1103 2270 1
1103 2280 1
1103 2281 1
1103 2282 1
1103 2283 1
1104 1105 1
1106 1107 1
1107 2510 1
1107 2573 1
1109 1110 1
1109 1706 1
1110 1710 1
1111 1114 1
1111 1535 1
1111 1537 1
1111 1601 1
1111 1734 1
1112 1163 1
1112 1215 1
1113 2541 1
1114 1163 1
1114 1535 1
1114 1537 1
1114 1601 1
1114 1734 1
1115 1601 1
1115 1620 1
1115 1625 1
1115 1633 1
1115 2497 1
1115 3107 1
1116 1117 1
1116 1118 1
1116 1119 1
1116 1120 1
1117 1118 1
1118 1119 1
1118 1120 1
1118 1298 1
1120 2487 1
1121 1122 1
1122 1360 1
1123 1124 1
1125 1126 1
1125 3127 1
1128 1129 1
1128 1130 1
1128 1131 1
1128 1132 1
1128 1133 1
1128 1134 1
1128 1448 1
1128 1940 1
1130 1467 1
1133 1448 1
1133 2966 1
1135 1136 1
1135 2042 1
1136 2042 1
1136 2043 1
1137 1138 1
1137 1139 1
1137 2708 1
1140 1141 1
1140 1142 1
1142 2984 1
1142 3267 1
1143 1144 1
1145 1146 1
1145 1147 1
1145 1387 1
1145 2892 1
1146 1387 1
1147 1754 1
1148 2249 1
1149 1150 1
1149 1151 1
1149 1152 1
1149 1153 1
1152 1694 1
1154 1155 1
1154 1262 1
1156 1157 1
1156 1158 1
1157 1714 1
1158 1714 1
1158 3025 1
1160 1161 1
1160 1162 1
1163 1164 1
1163 1165 1
1163 1166 1
1163 1167 1
1163 1168 1
1163 1169 1
1163 1170 1
1163 1171 1
1163 1172 1
1163 1173 1
1163 1174 1
1163 1175 1
1164 1572 1
1165 1601 1
1166 1601 1
1166 2184 1
1167 1492 1
1167 1601 1
1167 1818 1
1168 1492 1
1168 1601 1
1168 1734 1
1169 1501 1
1170 1635 1
1171 1498 1
1171 1601 1
1171 1635 1
1171 2521 1
1171 2522 1
1171 2525 1
1172 1254 1
1172 1492 1
1172 1505 1
1172 1601 1
1172 1633 1
1172 1735 1
1172 1880 1
1172 2496 1
1173 2337 1
1174 1175 1
1174 1494 1
1174 1495 1
1174 1496 1
1174 1498 1
1174 1507 1
1175 1607 1
1175 1621 1
1176 1177 1
1177 1601 1
1177 1691 1
1178 1179 1
1179 2457 1
1180 1181 1
1180 1182 1
1180 1183 1
1180 1184 1
1182 1183 1
1183 1643 1
1183 2339 1
1184 1515 1
1184 2390 1
1184 3112 1
1186 1187 1
1186 1188 1
1186 1189 1
1186 1190 1
1186 1816 1
1188 1189 1
1190 1253 1
1192 1193 1
1192 1194 1
1192 1195 1
1192 1196 1
1193 1836 1
1193 2080 1
1193 2624 1
1194 1764 1
1196 1422 1
1196 2090 1
1197 1198 1
1197 1764 1
1198 1533 1
1199 1200 1
1199 1201 1
1199 1202 1
1199 1203 1
1199 1204 1
1199 1205 1
1202 1846 1
1206 1207 1
1208 1209 1
1208 1210 1
1211 1212 1
1211 1213 1
1211 1385 1
1212 1385 1
1214 1439 1
1214 1442 1
1214 1816 1
1215 1601 1
1215 1735 1
1215 1816 1
1215 1817 1
1216 1535 1
1216 1538 1
1216 1816 1
1216 1959 1
1216 3016 1
1217 1218 1
1220 1221 1
1221 3102 1
1224 1225 1
1225 1934 1
1225 2644 1
1227 1228 1
1229 1230 1
1231 1232 1
1231 2330 1
1233 1234 1
1234 1542 1
1234 2594 1
1237 1238 1
1238 2634 1
1240 1241 1
1241 2940 1
1241 2941 1
1242 1243 1
1242 2871 1
1244 1245 1
1246 1247 1
1249 1250 1
1251 1252 1
1253 1492 1
1253 1499 1
1253 1505 1
1253 1535 1
1253 2496 1
1254 1255 1
1254 1492 1
1254 1505 1
1254 1601 1
1254 1633 1
1254 1734 1
1254 1735 1
1254 1880 1
1255 1492 1
1255 1505 1
1255 1633 1
1255 1735 1
1256 2044 1
1256 2461 1
1257 1258 1
1258 1968 1
1260 1261 1
1262 1263 1
1262 1264 1
1262 1265 1
1262 1266 1
1262 1267 1
1262 1268 1
1262 1269 1
1262 1270 1
1262 1271 1
1262 1272 1
1262 1273 1
1262 1274 1
1262 1275 1
1262 1276 1
1262 1277 1
1262 1278 1
1262 1279 1
1264 1270 1
1267 1270 1
1267 2098 1
1267 2306 1
1268 1270 1
1269 1282 1
1270 1271 1
1270 1273 1
1270 1274 1
1270 2098 1
1270 2099 1
1270 2135 1
1270 2136 1
1270 2306 1
1271 2098 1
1271 2306 1
1272 2307 1
1273 1274 1
1273 2098 1
1273 2099 1
1274 2098 1
1274 2099 1
1275 2585 1
1279 2135 1
1279 2136 1
1279 3210 1
1279 3211 1
1280 1281 1
1280 2144 1
1281 2994 1
1281 2995 1
1282 1706 1
1283 1706 1
1283 1708 1
1283 1710 1
1284 1285 1
1284 1706 1
1284 1708 1
1284 1710 1
1284 2144 1
1284 2930 1
1285 2341 1
1286 1287 1
1288 1289 1
1291 1292 1
1291 2004 1
1293 1294 1
1293 1295 1
1294 1334 1
1294 1723 1
1294 2126 1
1294 2627 1
1294 2956 1
1295 2126 1
1295 2956 1
1296 1297 1
1296 2193 1
1297 1497 1
1299 1300 1
1300 1377 1
1301 1302 1
1303 1304 1
1303 1305 1
1303 1306 1
1303 1307 1
1303 1308 1
1304 1553 1
1304 3150 1
1305 1308 1
1309 1310 1
1310 1311 1
1310 1312 1
1311 1368 1
1311 2314 1
1311 2894 1
1312 1368 1
1312 2314 1
1313 1314 1
1313 1908 1
1313 2665 1
1314 2665 1
1315 1316 1
1315 1670 1
1316 1458 1
1316 1670 1
1317 1318 1
1317 1319 1
1317 1320 1
1317 2934 1
1321 1601 1
1322 1323 1
1324 1325 1
1326 1327 1
1326 2762 1
1327 1520 1
1327 1993 1
1327 2235 1
1327 2566 1
1329 1330 1
1329 1331 1
1329 1332 1
1329 1333 1
1329 2514 1
1330 2933 1
1331 1333 1
1331 1854 1
1331 2932 1
1332 1472 1
1332 2430 1
1332 2431 1
1333 1854 1
1333 2267 1
1333 2932 1
1334 1335 1
1334 1336 1
1336 2126 1
1336 2956 1
1337 1338 1
1339 1340 1
1339 1341 1
1339 1342 1
1339 3076 1
1340 1678 1
1340 3076 1
1341 1797 1
1341 3076 1
1342 2999 1
1342 3074 1
1343 2596 1
1343 2614 1
1343 2615 1
1345 1346 1
1345 1347 1
1345 2436 1
1348 1349 1
1349 1921 1
1349 2351 1
1349 2352 1
1349 2353 1
1350 1351 1
1351 1415 1
1352 1353 1
1352 1354 1
1352 1355 1
1353 2893 1
1356 1357 1
1357 1396 1
1357 2658 1
1357 2862 1
1358 1359 1
1361 1362 1
1363 1364 1
1363 1698 1
1363 2309 1
1364 1699 1
1364 2224 1
1365 1368 1
1365 1370 1
1366 1367 1
1366 1368 1
1366 1369 1
1366 1370 1
1366 3083 1
1368 1370 1
1368 1667 1
1368 2314 1
1368 2389 1
1368 2392 1
1368 2393 1
1368 2394 1
1368 2395 1
1368 2396 1
1368 2397 1
1368 3083 1
1369 1510 1
1371 1372 1
1371 2386 1
1372 1684 1
1373 1374 1
1375 1376 1
1377 1635 1
1377 1734 1
1379 1380 1
1379 1381 1
1380 1382 1
1381 1775 1
1381 3008 1
1383 1384 1
1388 1389 1
1388 1390 1
1388 2127 1
1388 2131 1
1389 2127 1
1389 2129 1
1389 2131 1
1390 2131 1
1391 1816 1
1392 1393 1
1394 1395 1
1394 1396 1
1395 2160 1
1396 2656 1
1397 1398 1
1397 1399 1
1400 1401 1
1403 1404 1
1403 1405 1
1406 1407 1
1408 1409 1
1408 1410 1
1408 1411 1
1408 1412 1
1412 1413 1
1413 1967 1
1416 1417 1
1420 1421 1
1423 1424 1
1425 1426 1
1425 1427 1
1426 2217 1
1426 2218 1
1427 3136 1
1428 1429 1
1430 1431 1
1433 1434 1
1434 2254 1
1434 2588 1
1434 2712 1
1434 3079 1
1434 3085 1
1435 1436 1
1435 1754 1
1436 2249 1
1437 1438 1
1439 1440 1
1439 1441 1
1441 1443 1
1441 2344 1
1441 3039 1
1442 1443 1
1444 1445 1
1445 2068 1
1445 2947 1
1446 1447 1
1448 1449 1
1448 1450 1
1448 1451 1
1448 1452 1
1448 1453 1
1448 1940 1
1452 1466 1
1452 1940 1
1453 2463 1
1454 1839 1
1455 3002 1
1455 3004 1
1456 1457 1
1456 1458 1
1456 2314 1
1456 2893 1
1457 1541 1
1457 2279 1
1458 3245 1
1459 1460 1
1459 1461 1
1459 1462 1
1459 1479 1
1460 1479 1
1461 1479 1
1461 1684 1
1462 1463 1
1462 1479 1
1463 1479 1
1464 1465 1
1464 3079 1
1465 1943 1
1465 3079 1
1467 1468 1
1467 1469 1
1468 1627 1
1468 1939 1
1468 2044 1
1468 2101 1
1468 2102 1
1469 1627 1
1469 1939 1
1469 2102 1
1469 2496 1
1470 1541 1
1470 2279 1
1470 2893 1
1470 2917 1
1471 1472 1
1471 2712 1
1472 2828 1
1473 1474 1
1475 1476 1
1477 1478 1
1477 1479 1
1478 1479 1
1479 1480 1
1479 1481 1
1480 1481 1
1480 1482 1
1480 2743 1
1481 1482 1
1482 1483 1
1484 1485 1
1486 1487 1
1488 1489 1
1488 1690 1
1488 2854 1
1491 1601 1
1491 2702 1
1492 1493 1
1492 1494 1
1492 1495 1
1492 1496 1
1492 1497 1
1492 1498 1
1492 1499 1
1492 1500 1
1492 1501 1
1492 1502 1
1492 1503 1
1492 1504 1
1492 1505 1
1492 1506 1
1492 1507 1
1492 1734 1
1493 1601 1
1493 2100 1
1494 1498 1
1494 1601 1
1494 1734 1
1495 1498 1
1495 1601 1
1495 1734 1
1496 1498 1
1496 1601 1
1496 1734 1
1497 1635 1
1497 1734 1
1497 3268 1
1498 1501 1
1498 1504 1
1498 1507 1
1498 1601 1
1498 1629 1
1498 1640 1
1498 1734 1
1499 1501 1
1499 1601 1
1499 1734 1
1499 1737 1
1500 1601 1
1500 1961 1
1501 1601 1
1501 1734 1
1502 1601 1
1503 1601 1
1503 1627 1
1503 1635 1
1503 1938 1
1503 2496 1
1504 1601 1
1504 1625 1
1504 1633 1
1504 1634 1
1504 2338 1
1505 1506 1
1505 1880 1
1506 1601 1
1506 1735 1
1507 1734 1
1508 1509 1
1509 1987 1
1510 1511 1
1513 1514 1
1514 2823 1
1515 1837 1
1516 1517 1
1516 1518 1
1520 1521 1
1521 2698 1
1522 1523 1
1524 1525 1
1524 1526 1
1526 1527 1
1526 1528 1
1526 1529 1
1528 1966 1
1530 1531 1
1535 1536 1
1535 1537 1
1535 1538 1
1536 1790 1
1537 2692 1
1538 3016 1
1539 1540 1
1542 3042 1
1543 1544 1
1544 1743 1
1544 2632 1
1545 1546 1
1546 2645 1
1546 2817 1
1547 1739 1
1547 1757 1
1547 2167 1
1548 1549 1
1550 1551 1
1550 1552 1
1551 1749 1
1551 2103 1
1551 2104 1
1552 2717 1
1552 3010 1
1552 3011 1
1554 1555 1
1554 1556 1
1554 1557 1
1555 1756 1
1556 1881 1
1557 2191 1
1557 2192 1
1559 1560 1
1562 1563 1
1564 1565 1
1565 1566 1
1567 1568 1
1569 1570 1
1571 2198 1
1572 3175 1
1572 3221 1
1573 2796 1
1575 1981 1
1575 2621 1
1576 1577 1
1576 1578 1
1577 1580 1
1578 1580 1
1581 1582 1
1583 1584 1
1584 1585 1
1584 3136 1
1585 2259 1
1585 2355 1
1585 2792 1
1585 3136 1
1586 1729 1
1588 1589 1
1590 1591 1
1590 1592 1
1590 1593 1
1592 1594 1
1592 1839 1
1592 2762 1
1593 2439 1
1594 1595 1
1594 1596 1
1594 1597 1
1594 1598 1
1594 1599 1
1594 1600 1
1594 2678 1
1595 1600 1
1596 2678 1
1597 2704 1
1599 2665 1
1599 3147 1
1601 1602 1
1601 1603 1
1601 1604 1
1601 1605 1
1601 1606 1
1601 1607 1
1601 1608 1
1601 1609 1
1601 1610 1
1601 1611 1
1601 1612 1
1601 1613 1
1601 1614 1
1601 1615 1
1601 1616 1
1601 1617 1
1601 1618 1
1601 1619 1
1601 1620 1
1601 1621 1
1601 1622 1
1601 1623 1
1601 1624 1
1601 1625 1
1601 1626 1
1601 1627 1
1601 1628 1
1601 1629 1
1601 1630 1
1601 1631 1
1601 1632 1
1601 1633 1
1601 1634 1
1601 1635 1
1601 1636 1
1601 1637 1
1601 1638 1
1601 1639 1
1602 1939 1
1602 3267 1
1602 3268 1
1603 1738 1
1605 1626 1
1606 2496 1
1607 1621 1
1608 2184 1
1609 2496 1
1610 2496 1
1611 2124 1
1612 1734 1
1612 3203 1
1613 2448 1
1615 2448 1
1616 2448 1
1618 1635 1
1618 1640 1
1619 1734 1
1620 1779 1
1620 1780 1
1620 1781 1
1621 1627 1
1622 1921 1
1623 3042 1
1625 1634 1
1625 1681 1
1625 2219 1
1625 2220 1
1625 2221 1
1627 1628 1
1627 1880 1
1627 2044 1
1627 2100 1
1627 2101 1
1627 2102 1
1627 2495 1
1628 2496 1
1629 1734 1
1630 1733 1
1630 3188 1
1631 2408 1
1631 3220 1
1632 1764 1
1634 1780 1
1635 2521 1
1635 2797 1
1636 1661 1
1637 1739 1
1637 1743 1
1638 2496 1
1641 1754 1
1644 1645 1
1644 1646 1
1648 1649 1
1650 1651 1
1652 1653 1
1654 1655 1
1654 1656 1
1654 1657 1
1654 2470 1
1654 3083 1
1655 1657 1
1656 1657 1
1656 1658 1
1656 1659 1
1656 2470 1
1657 2470 1
1657 3051 1
1660 2616 1
1662 1663 1
1662 1664 1
1666 1667 1
1666 2895 1
1667 2895 1
1668 1669 1
1669 2710 1
1670 1671 1
1670 1672 1
1670 1673 1
1670 1674 1
1670 1675 1
1672 1922 1
1673 2386 1
1674 1886 1
1674 2386 1
1675 2086 1
1676 1677 1
1679 1680 1
1681 1682 1
1681 1683 1
1682 1683 1
1684 1685 1
1684 1686 1
1684 1687 1
1684 1688 1
1685 1820 1
1685 1897 1
1687 1972 1
1687 2854 1
1688 2386 1
1688 2802 1
1689 2854 1
1692 1693 1
1695 2754 1
1698 1699 1
1698 1700 1
1698 2249 1
1699 2309 1
1701 1702 1
1703 1704 1
1705 3029 1
1706 1707 1
1706 1708 1
1706 1709 1
1706 1710 1
1707 1710 1
1708 1710 1
1709 1862 1
1709 1868 1
1713 3109 1
1714 1715 1
1714 1716 1
1717 1718 1
1717 2744 1
1718 2744 1
1719 2731 1
1720 1721 1
1721 1722 1
1723 1724 1
1725 2888 1
1726 1727 1
1728 2933 1
1729 1917 1
1729 1918 1
1729 1919 1
1729 1920 1
1729 2895 1
1729 3157 1
1730 1731 1
1730 1732 1
1734 1735 1
1734 1736 1
1734 1737 1
1735 1880 1
1736 2496 1
1739 1740 1
1739 1741 1
1739 1742 1
1739 1743 1
1740 1776 1
1740 1777 1
1741 1777 1
1742 1757 1
1742 2633 1
1744 1745 1
1744 1746 1
1744 2453 1
1752 1753 1
1754 1755 1
1757 1758 1
1757 1759 1
1757 1760 1
1757 2167 1
1758 1988 1
1759 2167 1
1760 3092 1
1761 1762 1
1761 1763 1
1761 3271 1
1762 3271 1
1762 3274 1
1763 3270 1
1763 3271 1
1763 3274 1
1764 1765 1
1764 1766 1
1764 1767 1
1764 1768 1
1764 1769 1
1765 1767 1
1765 2692 1
1767 2692 1
1770 1771 1
1773 1774 1
1775 1926 1
1776 1777 1
1782 1783 1
1784 1785 1
1785 2441 1
1785 3212 1
1787 1788 1
1788 1917 1
1789 1790 1
1789 1791 1
1792 2670 1
1793 1794 1
1795 1796 1
1798 1799 1
1798 1800 1
1800 2108 1
1800 2119 1
1800 2506 1
1801 1802 1
1801 1803 1
1804 1805 1
1808 2772 1
1810 1811 1
1810 1812 1
1811 2793 1
1813 1814 1
1816 1817 1
1816 1818 1
1816 1819 1
1818 2074 1
1818 2075 1
1818 2421 1
1819 2115 1
1819 2325 1
1820 2854 1
1821 1822 1
1823 1824 1
1823 1825 1
1823 1826 1
1825 1826 1
1827 1828 1
1828 2593 1
1829 1830 1
1830 1831 1
1832 1833 1
1832 2378 1
1832 2945 1
1832 2947 1
1833 2047 1
1833 2947 1
1834 1835 1
1837 1838 1
1837 1839 1
1837 1840 1
1839 2475 1
1839 2666 1
1839 2667 1
1839 2668 1
1839 2669 1
1839 2823 1
1840 3169 1
1840 3170 1
1842 1843 1
1844 1845 1
1847 1848 1
1849 1850 1
1849 1851 1
1850 2681 1
1851 2976 1
1852 1853 1
1853 2081 1
1854 2932 1
1855 1856 1
1855 1857 1
1856 2895 1
1858 1859 1
1858 1860 1
1858 1861 1
1859 1861 1
1859 2322 1
1860 1861 1
1860 2245 1
1861 1862 1
1861 1863 1
1861 1864 1
1861 1865 1
1861 1866 1
1861 1867 1
1861 1868 1
1861 1869 1
1861 1870 1
1862 2399 1
1862 2878 1
1868 1870 1
1868 2400 1
1869 2246 1
1869 2248 1
1870 2246 1
1871 1872 1
1872 2770 1
1873 1874 1
1874 2812 1
1875 1876 1
1875 1877 1
1875 1878 1
1879 1880 1
1880 2692 1
1882 1883 1
1883 2336 1
1883 3235 1
1884 1885 1
1886 1887 1
1887 1895 1
1888 1889 1
1888 1890 1
1888 1891 1
1888 1892 1
1888 1893 1
1888 1894 1
1888 1895 1
1888 2386 1
1888 2390 1
1891 2597 1
1892 2386 1
1893 2412 1
1894 1895 1
1894 2283 1
1894 2374 1
1894 2390 1
1894 2544 1
1894 2762 1
1895 2281 1
1895 2386 1
1895 2597 1
1895 2856 1
1895 3242 1
1895 3243 1
1897 2178 1
1899 1900 1
1901 1902 1
1904 1905 1
1908 1909 1
1908 1910 1
1908 1911 1
1908 1912 1
1909 2665 1
1910 1912 1
1913 1914 1
1915 1916 1
1918 2895 1
1918 3157 1
1918 3158 1
1920 2895 1
1922 1923 1
1922 2893 1
1922 2895 1
1924 1925 1
1927 1928 1
1928 3176 1
1929 1930 1
1930 2216 1
1931 1932 1
1934 2873 1
1935 1936 1
1937 2895 1
1938 1939 1
1939 1940 1
1939 2044 1
1939 2100 1
1939 2102 1
1939 2255 1
1939 2256 1
1939 2257 1
1939 2258 1
1941 1942 1
1941 3269 1
1942 2593 1
1942 2673 1
1942 3268 1
1942 3269 1
1943 1944 1
1945 1946 1
1947 1948 1
1949 1950 1
1949 1951 1
1950 1951 1
1950 2185 1
1952 1953 1
1954 1955 1
1954 3268 1
1956 1957 1
1956 1958 1
1960 3235 1
1962 1963 1
1964 2116 1
1969 1970 1
1972 2619 1
1973 1974 1
1974 2933 1
1975 1976 1
1975 1977 1
1976 2038 1
1976 2318 1
1979 1980 1
1982 1983 1
1982 1984 1
1983 1984 1
1985 1986 1
1989 1990 1
1989 2236 1
1991 1992 1
1991 1993 1
1992 2605 1
1993 2235 1
1995 1996 1
1997 1998 1
1999 2000 1
1999 2001 1
2000 2167 1
2002 2003 1
2002 2004 1
2006 2007 1
2008 2009 1
2009 2828 1
2011 2012 1
2011 2013 1
2013 2617 1
2015 2016 1
2016 3213 1
2016 3214 1
2016 3215 1
2017 2018 1
2018 2846 1
2019 2020 1
2021 2574 1
2022 2023 1
2024 2025 1
2025 2064 1
2026 2027 1
2026 2028 1
2027 2236 1
2028 2432 1
2028 2433 1
2030 2031 1
2032 2033 1
2033 2207 1
2034 2035 1
2034 2251 1
2036 2037 1
2036 2038 1
2036 2895 1
2039 2040 1
2044 2102 1
2045 2046 1
2050 3047 1
2051 2052 1
2051 2053 1
2051 2054 1
2051 2055 1
2051 2056 1
2052 2055 1
2054 2055 1
2055 2057 1
2056 2548 1
2056 2965 1
2058 2059 1
2060 2061 1
2061 2213 1
2062 2309 1
2063 2064 1
2064 2196 1
2065 2066 1
2065 2067 1
2065 2068 1
2065 2069 1
2066 3029 1
2066 3031 1
2067 3090 1
2070 2071 1
2070 2072 1
2074 2421 1
2076 2077 1
2078 2079 1
2081 2082 1
2081 2083 1
2084 2085 1
2086 2087 1
2086 2088 1
2086 2089 1
2089 2895 1
2089 2937 1
2090 2718 1
2092 2093 1
2093 2654 1
2094 2095 1
2098 2099 1
2100 2101 1
2101 2476 1
2105 2106 1
2105 2107 1
2109 2110 1
2109 2111 1
2109 2656 1
2110 3091 1
2111 2246 1
2112 2113 1
2112 2114 1
2113 2651 1
2116 2117 1
2120 2121 1
2122 2123 1
2125 2246 1
2125 2895 1
2126 2932 1
2127 2128 1
2127 2129 1
2127 2130 1
2128 2129 1
2132 2133 1
2135 2136 1
2137 2138 1
2138 2314 1
2138 2318 1
2138 2803 1
2139 2140 1
2141 2142 1
2141 2143 1
2142 2448 1
2145 2146 1
2145 2147 1
2145 2148 1
2147 2613 1
2148 2712 1
2150 2151 1
2150 2152 1
2153 2154 1
2156 2157 1
2158 2159 1
2161 2162 1
2161 2163 1
2161 2794 1
2163 2794 1
2164 2165 1
2164 2166 1
2164 2895 1
2164 3083 1
2165 2895 1
2166 2895 1
2167 2197 1
2168 2169 1
2170 2171 1
2170 2172 1
2170 2173 1
2171 2172 1
2174 2175 1
2176 2177 1
2179 2180 1
2179 2181 1
2179 2182 1
2180 2183 1
2188 2189 1
2188 2190 1
2194 2892 1
2194 2894 1
2199 2200 1
2201 2202 1
2203 2204 1
2205 2206 1
2208 2209 1
2210 2211 1
2212 2488 1
2214 2215 1
2217 2218 1
2222 2223 1
2225 2226 1
2225 2227 1
2228 2229 1
2229 3074 1
2230 2579 1
2231 2232 1
2233 2234 1
2235 2236 1
2236 2237 1
2237 3002 1
2238 2239 1
2238 2240 1
2238 2241 1
2238 2242 1
2238 2243 1
2240 2243 1
2245 2248 1
2245 2322 1
2246 2247 1
2249 2250 1
2250 3135 1
2252 2253 1
2255 2258 1
2255 2496 1
2256 2636 1
2257 3142 1
2261 3268 1
2261 3269 1
2262 2263 1
2264 2265 1
2264 2266 1
2268 2269 1
2270 2271 1
2271 2272 1
2275 2276 1
2277 2278 1
2279 2917 1
2280 2390 1
2281 2386 1
2281 2390 1
2281 2893 1
2281 2895 1
2281 3244 1
2283 2390 1
2284 2285 1
2284 2286 1
2286 2287 1
2286 2299 1
2287 2728 1
2289 2290 1
2290 3105 1
2290 3106 1
2291 2292 1
2291 2293 1
2294 2295 1
2294 2296 1
2294 3190 1
2297 2298 1
2297 2299 1
2299 2300 1
2301 2302 1
2303 2304 1
2303 2305 1
2306 2971 1
2306 2972 1
2310 2311 1
2310 2369 1
2312 2313 1
2312 2314 1
2314 2315 1
2314 2316 1
2314 2317 1
2314 2318 1
2314 2319 1
2314 2320 1
2314 2321 1
2314 2399 1
2316 2318 1
2316 2803 1
2317 2318 1
2317 2803 1
2318 2465 1
2318 2818 1
2318 2819 1
2318 2820 1
2318 2893 1
2318 2895 1
2319 3034 1
2321 2513 1
2321 2916 1
2321 3244 1
2326 2837 1
2327 2328 1
2327 2329 1
2328 2329 1
2330 2331 1
2331 2338 1
2334 2335 1
2336 2337 1
2338 3046 1
2342 2343 1
2342 2423 1
2346 2347 1
2348 2349 1
2348 2350 1
2349 3103 1
2350 3103 1
2351 2352 1
2352 2353 1
2352 2919 1
2353 2354 1
2355 2356 1
2355 2357 1
2355 3136 1
2356 2357 1
2358 2359 1
2360 2361 1
2362 2363 1
2364 2365 1
2364 2366 1
2365 2471 1
2365 2865 1
2365 2866 1
2365 2867 1
2366 2865 1
2366 2866 1
2368 2369 1
2368 2370 1
2368 2371 1
2369 2370 1
2371 3222 1
2372 2373 1
2372 2374 1
2373 2597 1
2374 2399 1
2379 2380 1
2382 2383 1
2382 3151 1
2384 2385 1
2385 2804 1
2385 2846 1
2386 2387 1
2386 2388 1
2386 2389 1
2386 2390 1
2388 2390 1
2388 2391 1
2389 2398 1
2389 2570 1
2389 2936 1
2389 3147 1
2390 2391 1
2390 3163 1
2390 3180 1
2390 3247 1
2391 2762 1
2392 2437 1
2392 2438 1
2394 2879 1
2395 2879 1
2396 2397 1
2396 2926 1
2399 2400 1
2399 2401 1
2400 2877 1
2401 2743 1
2404 2405 1
2404 2406 1
2406 2407 1
2409 2410 1
2409 2411 1
2410 2411 1
2413 2414 1
2416 2417 1
2418 2419 1
2418 2420 1
2421 2422 1
2422 2746 1
2423 2425 1
2424 2425 1
2426 2427 1
2430 2431 1
2439 2607 1
2439 2608 1
2439 2609 1
2441 2442 1
2441 2443 1
2441 2444 1
2442 2443 1
2442 2444 1
2442 2445 1
2446 2447 1
2449 2450 1
2451 2452 1
2455 2456 1
2455 2479 1
2456 2479 1
2457 2458 1
2459 2460 1
2465 2895 1
2466 2467 1
2466 2881 1
2467 2881 1
2468 2469 1
2473 2474 1
2476 2477 1
2476 2478 1
2479 2480 1
2479 2481 1
2479 2482 1
2482 2483 1
2483 2486 1
2484 2485 1
2489 2490 1
2490 2491 1
2490 2793 1
2491 2492 1
2492 2578 1
2496 2497 1
2498 2499 1
2499 2663 1
2500 2501 1
2502 2503 1
2502 2504 1
2502 2505 1
2503 2731 1
2505 2731 1
2507 2508 1
2507 2509 1
2513 2916 1
2515 2516 1
2515 2517 1
2515 2518 1
2516 2517 1
2519 2520 1
2520 3161 1
2521 2525 1
2523 2524 1
2526 2527 1
2527 3019 1
2529 2530 1
2529 2531 1
2533 2534 1
2534 3231 1
2535 2536 1
2537 2538 1
2539 2540 1
2542 2543 1
2544 2895 1
2545 2546 1
2547 2548 1
2549 2550 1
2551 2555 1
2552 2553 1
2552 2554 1
2553 2554 1
2555 2556 1
2555 2557 1
2555 2558 1
2555 2559 1
2555 2560 1
2555 2561 1
2555 2562 1
2556 2562 1
2563 2564 1
2566 2567 1
2566 2568 1
2567 3055 1
2568 3055 1
2571 2572 1
2575 2576 1
2577 2578 1
2577 2990 1
2578 2789 1
2578 3073 1
2578 3074 1
2579 2580 1
2579 2581 1
2579 2582 1
2583 2584 1
2586 2587 1
2589 2590 1
2591 2592 1
2595 2596 1
2595 2615 1
2595 2895 1
2596 2615 1
2596 2895 1
2596 3160 1
2598 2599 1
2599 2600 1
2599 2601 1
2602 2603 1
2602 2604 1
2604 2946 1
2606 2607 1
2606 2608 1
2606 2609 1
2607 2608 1
2611 2612 1
2614 2615 1
2616 2617 1
2618 2895 1
2619 2620 1
2622 2623 1
2625 2626 1
2626 2816 1
2626 2865 1
2626 2866 1
2626 2867 1
2627 2628 1
2627 2629 1
2629 2933 1
2630 2631 1
2632 2633 1
2632 2634 1
2635 2636 1
2635 2637 1
2638 2639 1
2638 2640 1
2638 2641 1
2638 2642 1
2638 2643 1
2643 3134 1
2644 2828 1
2646 2647 1
2648 2649 1
2652 2653 1
2656 2657 1
2656 2658 1
2656 2659 1
2660 2661 1
2660 2662 1
2669 2988 1
2669 2989 1
2671 2672 1
2676 2677 1
2679 2680 1
2681 2682 1
2681 2683 1
2684 2685 1
2686 2687 1
2687 2688 1
2688 2689 1
2688 2691 1
2689 2690 1
2691 2895 1
2692 2693 1
2692 2694 1
2692 2695 1
2695 2870 1
2696 2697 1
2697 2699 1
2697 2841 1
2699 2842 1
2700 2701 1
2701 3181 1
2704 2705 1
2704 2854 1
2705 2854 1
2706 2975 1
2710 2711 1
2712 2713 1
2712 2714 1
2715 2716 1
2718 2719 1
2719 3188 1
2721 2722 1
2722 3144 1
2724 2725 1
2726 2727 1
2731 2732 1
2731 2733 1
2734 2735 1
2734 3150 1
2736 2737 1
2738 2739 1
2741 2742 1
2744 2745 1
2748 2749 1
2750 2751 1
2750 2752 1
2750 2753 1
2755 2756 1
2755 2757 1
2755 2758 1
2755 2759 1
2755 2760 1
2756 2759 1
2758 2759 1
2759 2761 1
2762 2895 1
2763 2764 1
2765 2766 1
2768 2769 1
2768 2845 1
2769 3115 1
2772 2773 1
2772 2774 1
2773 2774 1
2773 3074 1
2773 3076 1
2774 3074 1
2774 3076 1
2775 2776 1
2775 2777 1
2778 2779 1
2780 2781 1
2782 2783 1
2782 2784 1
2783 2784 1
2785 2786 1
2787 2788 1
2789 2790 1
2789 2791 1
2790 2791 1
2791 2874 1
2794 2795 1
2799 2800 1
2801 2802 1
2802 3139 1
2806 2807 1
2808 2809 1
2808 2811 1
2809 2811 1
2810 2811 1
2812 2813 1
2814 2815 1
2815 3227 1
2819 2893 1
2819 2895 1
2821 2822 1
2821 2823 1
2823 2929 1
2823 3076 1
2824 2825 1
2826 2827 1
2828 2829 1
2828 2830 1
2828 2831 1
2828 2832 1
2828 2833 1
2828 2834 1
2828 2835 1
2828 2836 1
2828 2837 1
2828 2838 1
2828 2839 1
2828 2885 1
2829 3137 1
2830 3074 1
2838 2839 1
2839 3074 1
2839 3111 1
2839 3279 1
2841 2842 1
2842 2843 1
2842 2844 1
2847 2848 1
2847 2849 1
2847 2850 1
2848 2849 1
2848 2850 1
2852 2853 1
2853 3074 1
2854 2855 1
2854 2856 1
2854 2857 1
2856 2895 1
2858 3115 1
2859 2860 1
2860 2861 1
2862 2863 1
2865 2866 1
2865 2867 1
2866 2867 1
2867 3026 1
2868 2869 1
2869 3041 1
2871 2872 1
2873 2874 1
2875 2876 1
2881 2882 1
2881 2883 1
2886 2887 1
2890 2891 1
2890 3179 1
2892 2893 1
2892 2894 1
2893 2914 1
2893 2915 1
2893 2917 1
2895 2896 1
2895 2897 1
2895 2898 1
2895 2899 1
2895 2900 1
2895 2901 1
2895 2902 1
2895 2903 1
2895 2904 1
2895 2905 1
2895 2906 1
2895 2907 1
2895 2908 1
2895 2909 1
2895 2910 1
2895 2911 1
2895 2912 1
2895 2913 1
2895 2914 1
2895 2915 1
2895 2916 1
2901 2913 1
2912 3069 1
2919 2920 1
2921 2922 1
2921 2923 1
2922 2924 1
2927 2928 1
2929 3074 1
2930 2931 1
2932 2933 1
2934 2935 1
2937 2938 1
2937 2953 1
2942 2943 1
2945 2947 1
2945 2958 1
2945 2961 1
2948 2949 1
2948 2950 1
2948 2951 1
2948 2952 1
2949 2952 1
2949 3024 1
2951 2952 1
2951 3024 1
2953 2954 1
2953 2955 1
2953 2956 1
2958 2959 1
2958 2960 1
2958 2961 1
2962 2963 1
2962 2964 1
2967 2968 1
2969 2970 1
2973 2974 1
2977 2978 1
2977 2979 1
2977 2980 1
2977 2981 1
2978 2980 1
2984 2985 1
2986 2987 1
2988 2989 1
2991 2992 1
2993 2994 1
2994 2995 1
2996 2997 1
3002 3003 1
3002 3004 1
3002 3076 1
3003 3004 1
3008 3087 1
3010 3011 1
3012 3013 1
3012 3014 1
3012 3015 1
3012 3246 1
3013 3246 1
3014 3015 1
3014 3246 1
3015 3246 1
3017 3018 1
3021 3022 1
3021 3023 1
3027 3028 1
3029 3030 1
3030 3108 1
3033 3034 1
3035 3036 1
3037 3038 1
3039 3079 1
3040 3041 1
3044 3045 1
3049 3050 1
3051 3052 1
3056 3057 1
3058 3059 1
3058 3060 1
3059 3060 1
3060 3061 1
3062 3063 1
3062 3064 1
3065 3066 1
3067 3068 1
3068 3205 1
3068 3206 1
3070 3071 1
3070 3072 1
3071 3274 1
3073 3074 1
3074 3075 1
3074 3076 1
3077 3078 1
3080 3081 1
3081 3082 1
3085 3086 1
3085 3231 1
3086 3087 1
3093 3094 1
3095 3096 1
3098 3099 1
3100 3101 1
3113 3114 1
3115 3116 1
3120 3121 1
3121 3122 1
3124 3125 1
3125 3126 1
3125 3129 1
3132 3133 1
3137 3138 1
3143 3144 1
3145 3146 1
3148 3149 1
3151 3152 1
3151 3153 1
3151 3154 1
3154 3226 1
3155 3156 1
3157 3158 1
3157 3159 1
3165 3166 1
3167 3168 1
3173 3174 1
3177 3178 1
3182 3183 1
3182 3184 1
3183 3184 1
3185 3186 1
3185 3187 1
3190 3191 1
3190 3192 1
3193 3194 1
3195 3196 1
3196 3197 1
3201 3202 1
3201 3203 1
3202 3203 1
3202 3204 1
3206 3207 1
3208 3209 1
3216 3217 1
3218 3219 1
3220 3221 1
3224 3225 1
3227 3228 1
3229 3230 1
3232 3233 1
3235 3236 1
3235 3237 1
3238 3239 1
3240 3241 1
3244 3252 1
3250 3251 1
3253 3254 1
3255 3256 1
3258 3259 1
3260 3261 1
3260 3262 1
3263 3264 1
3265 3266 1
3270 3274 1
3272 3273 1
3275 3276 1
