2708 5429
1 22 1
1 906 1
1 907 1
1 1910 1
1 1941 1
1 1944 1
1 2060 1
1 2118 1
1 2123 1
1 2132 1
1 2144 1
1 2196 1
1 2230 1
1 2234 1
1 2249 1
1 2293 1
1 2302 1
1 2325 1
1 2337 1
1 2341 1
1 2343 1
1 2347 1
1 2354 1
1 2367 1
1 2369 1
1 2375 1
1 2379 1
1 2381 1
1 2397 1
1 2402 1
1 2403 1
1 2427 1
1 2428 1
1 2434 1
1 2470 1
1 2480 1
1 2493 1
1 2525 1
1 2526 1
1 2571 1
1 2573 1
1 2607 1
1 2611 1
1 2640 1
1 2656 1
1 2658 1
1 2667 1
1 2682 1
1 2696 1
1 2703 1
1 951 1
1 241 1
1 998 1
1 1011 1
1 1029 1
1 1054 1
1 1055 1
1 1074 1
1 282 1
1 32 1
1 1136 1
1 1145 1
1 312 1
1 1174 1
1 1176 1
1 43 1
1 1197 1
1 1200 1
1 1201 1
1 1213 1
1 1218 1
1 1251 1
1 1256 1
1 1288 1
1 1291 1
1 1299 1
1 1305 1
1 1306 1
1 1315 1
1 1318 1
1 1322 1
1 1330 1
1 400 1
1 423 1
1 1342 1
1 1345 1
1 446 1
1 1349 1
1 1350 1
1 1351 1
1 1367 1
1 1394 1
1 488 1
1 489 1
1 499 1
1 525 1
1 1435 1
1 1461 1
1 558 1
1 1470 1
1 572 1
1 581 1
1 584 1
1 585 1
1 1499 1
1 606 1
1 1503 1
1 1504 1
1 1510 1
1 643 1
1 644 1
1 654 1
1 1531 1
1 1554 1
1 1557 1
1 1558 1
1 1559 1
1 1560 1
1 1561 1
1 1563 1
1 1564 1
1 1565 1
1 1571 1
1 1572 1
1 1575 1
1 1587 1
1 1590 1
1 1603 1
1 1611 1
1 1613 1
1 1618 1
1 1620 1
1 1626 1
1 1633 1
1 1638 1
1 1639 1
1 1640 1
1 1655 1
1 1690 1
1 1691 1
1 1692 1
1 1693 1
1 1697 1
1 1747 1
1 1749 1
1 1753 1
1 1755 1
1 713 1
1 714 1
1 721 1
1 738 1
1 739 1
1 1812 1
1 1836 1
1 791 1
1 1862 1
1 1863 1
1 804 1
1 807 1
1 818 1
1 823 1
1 828 1
1 187 1
1 14 1
1 881 1
1 884 1
2 2058 1
2 2150 1
2 951 1
3 1934 1
3 1974 1
3 1994 1
3 1995 1
3 2003 1
3 2033 1
3 2091 1
3 2138 1
3 2204 1
3 2210 1
3 2213 1
3 2245 1
3 2318 1
3 978 1
3 5 1
3 6 1
3 1034 1
3 1179 1
3 1186 1
3 369 1
3 415 1
3 422 1
3 425 1
3 428 1
3 433 1
3 435 1
3 1399 1
3 526 1
3 542 1
3 10 1
3 651 1
3 668 1
3 114 1
3 117 1
3 119 1
3 127 1
3 706 1
3 168 1
3 1852 1
3 173 1
3 847 1
3 1902 1
4 2066 1
4 1078 1
4 302 1
4 1170 1
4 1212 1
4 414 1
4 421 1
4 428 1
4 433 1
4 478 1
4 479 1
4 1399 1
4 526 1
4 542 1
4 117 1
4 123 1
4 775 1
5 2138 1
5 335 1
5 542 1
5 847 1
6 263 1
6 1401 1
6 542 1
8 2207 1
8 515 1
9 2545 1
9 1238 1
9 599 1
10 1323 1
11 667 1
12 1916 1
12 2113 1
12 13 1
12 838 1
13 1916 1
13 2006 1
13 838 1
14 208 1
14 1966 1
14 2096 1
14 2118 1
14 2128 1
14 941 1
14 241 1
14 1021 1
14 1110 1
14 1128 1
14 302 1
14 327 1
14 351 1
14 1322 1
14 432 1
14 1362 1
14 1363 1
14 1392 1
14 503 1
14 525 1
14 1641 1
14 112 1
14 122 1
14 124 1
14 707 1
14 831 1
14 1902 1
15 1943 1
15 1972 1
15 2146 1
15 2562 1
15 2584 1
15 495 1
15 16 1
16 1953 1
16 1972 1
16 1979 1
16 2056 1
16 2081 1
16 2137 1
16 2182 1
16 2220 1
16 2258 1
16 2277 1
16 2320 1
16 2385 1
16 2546 1
16 2584 1
16 2596 1
16 239 1
16 244 1
16 1005 1
16 247 1
16 1108 1
16 1248 1
16 1279 1
16 421 1
16 458 1
16 1396 1
16 1397 1
16 495 1
16 509 1
16 564 1
16 1478 1
16 603 1
16 105 1
16 1568 1
16 669 1
16 107 1
16 1696 1
16 728 1
16 1786 1
16 1796 1
16 1852 1
16 861 1
17 2017 1
17 2100 1
17 1002 1
17 43 1
17 1215 1
17 58 1
17 81 1
17 532 1
18 333 1
18 419 1
18 81 1
19 1002 1
19 333 1
19 419 1
19 81 1
19 18 1
20 2625 1
20 81 1
20 845 1
21 23 1
21 1921 1
21 1971 1
21 2404 1
21 2683 1
22 23 1
22 2019 1
23 2683 1
24 23 1
24 2019 1
24 2080 1
25 2707 1
25 1458 1
25 184 1
26 903 1
26 1917 1
26 1994 1
26 1061 1
27 1917 1
27 1945 1
27 561 1
27 659 1
27 110 1
28 1923 1
28 2042 1
28 2261 1
28 937 1
28 2294 1
28 2344 1
28 2386 1
28 2545 1
28 2548 1
28 1100 1
28 313 1
28 1180 1
28 340 1
28 1299 1
28 394 1
28 1339 1
28 454 1
28 455 1
28 1481 1
28 1513 1
28 640 1
28 1528 1
28 1530 1
28 1599 1
28 1694 1
28 712 1
28 152 1
28 153 1
28 825 1
28 826 1
28 855 1
28 882 1
29 1909 1
29 1918 1
29 1967 1
29 1997 1
29 2041 1
29 2079 1
29 2090 1
29 2136 1
29 2139 1
29 2146 1
29 2148 1
29 2154 1
29 2178 1
29 2183 1
29 2199 1
29 2223 1
29 2247 1
29 2259 1
29 2358 1
29 2392 1
29 2417 1
29 2486 1
29 2491 1
29 2492 1
29 2517 1
29 2519 1
29 2546 1
29 2549 1
29 2563 1
29 2564 1
29 2592 1
29 2622 1
29 2694 1
29 973 1
29 1048 1
29 1098 1
29 1110 1
29 1129 1
29 1157 1
29 1160 1
29 1161 1
29 359 1
29 370 1
29 371 1
29 372 1
29 1269 1
29 390 1
29 1390 1
29 1396 1
29 1398 1
29 545 1
29 1478 1
29 609 1
29 1530 1
29 1545 1
29 1670 1
29 1759 1
29 1762 1
29 740 1
29 163 1
29 165 1
29 787 1
29 1860 1
29 815 1
29 821 1
29 1876 1
29 842 1
29 853 1
29 1890 1
29 1891 1
29 1893 1
29 1894 1
29 1895 1
29 1896 1
31 1922 1
31 1992 1
31 2047 1
31 2097 1
31 2135 1
31 2159 1
31 2192 1
31 2228 1
31 2251 1
31 2674 1
31 263 1
31 1204 1
31 1450 1
31 93 1
31 1515 1
31 1518 1
32 1944 1
32 2470 1
32 2526 1
32 2533 1
32 2571 1
32 2640 1
32 1084 1
32 33 1
32 543 1
32 572 1
32 1571 1
32 1754 1
32 738 1
32 1812 1
32 818 1
33 543 1
34 2162 1
34 2177 1
34 2542 1
34 621 1
34 1832 1
35 505 1
36 2151 1
37 2050 1
37 2066 1
38 999 1
38 62 1
39 60 1
40 2025 1
40 2100 1
40 38 1
40 62 1
41 2648 1
41 2660 1
41 2661 1
41 38 1
42 931 1
42 2076 1
42 2302 1
42 43 1
43 892 1
43 2100 1
43 2212 1
43 2643 1
43 2646 1
43 36 1
43 1317 1
43 811 1
44 892 1
44 2625 1
44 2661 1
44 1128 1
44 1215 1
44 61 1
44 1375 1
44 531 1
44 761 1
44 808 1
45 1919 1
45 2051 1
45 2063 1
45 2064 1
45 1004 1
45 1091 1
45 75 1
45 613 1
45 159 1
46 1919 1
46 2282 1
46 2477 1
46 535 1
46 142 1
47 203 1
47 2023 1
47 2133 1
47 2413 1
47 1090 1
47 550 1
47 767 1
48 1907 1
48 1912 1
48 2001 1
48 2021 1
48 2051 1
48 2077 1
48 2152 1
48 2201 1
48 2228 1
48 2253 1
48 2331 1
48 2652 1
48 1035 1
48 1037 1
48 1079 1
48 313 1
48 1225 1
48 374 1
48 394 1
48 613 1
48 614 1
48 615 1
48 616 1
48 1593 1
48 1599 1
48 1600 1
48 703 1
48 152 1
48 153 1
48 756 1
49 900 1
49 919 1
49 1947 1
49 2175 1
49 2187 1
49 2218 1
49 2236 1
49 2591 1
49 1120 1
49 1136 1
49 1199 1
49 443 1
49 1385 1
49 1407 1
49 91 1
49 671 1
49 110 1
49 711 1
50 1962 1
50 2009 1
50 2040 1
50 2078 1
50 2187 1
50 2274 1
50 2295 1
50 2591 1
50 1199 1
50 1222 1
50 399 1
50 1493 1
50 639 1
51 2163 1
51 2422 1
51 2426 1
51 2482 1
51 2518 1
51 2555 1
51 2585 1
51 1254 1
51 1266 1
51 1336 1
51 1443 1
51 1580 1
51 1814 1
51 1816 1
51 1817 1
51 1844 1
51 885 1
52 2233 1
53 1981 1
53 2120 1
53 2163 1
53 2281 1
53 2422 1
53 2426 1
53 2482 1
53 2508 1
53 2518 1
53 2519 1
53 1210 1
53 1254 1
53 1268 1
53 51 1
53 1443 1
53 568 1
53 1577 1
53 1578 1
53 1579 1
53 1580 1
53 1592 1
53 1678 1
53 1681 1
53 1816 1
53 1817 1
53 1844 1
53 1855 1
53 885 1
54 2043 1
54 2246 1
54 56 1
54 1400 1
55 2041 1
55 2043 1
55 2120 1
55 2141 1
55 2206 1
55 2258 1
55 2287 1
55 2520 1
55 1108 1
55 1302 1
55 54 1
55 56 1
55 1400 1
55 1496 1
55 103 1
55 107 1
55 886 1
56 2141 1
56 1302 1
56 54 1
56 1400 1
56 886 1
57 2256 1
57 234 1
57 1445 1
57 752 1
58 2024 1
58 1300 1
58 482 1
59 283 1
59 1245 1
59 457 1
59 1446 1
59 97 1
59 811 1
60 930 1
60 931 1
60 1239 1
60 811 1
61 1996 1
61 1000 1
61 38 1
61 40 1
61 62 1
62 930 1
62 931 1
62 932 1
62 744 1
63 909 1
63 931 1
63 932 1
63 2612 1
63 38 1
63 1497 1
63 788 1
63 789 1
64 2071 1
64 1003 1
64 1004 1
64 1335 1
64 101 1
65 916 1
65 2013 1
65 2326 1
65 2455 1
65 1003 1
65 1004 1
65 1044 1
65 1113 1
65 1373 1
65 1377 1
65 66 1
65 1467 1
65 101 1
65 1532 1
65 1705 1
66 916 1
66 1003 1
66 1377 1
66 65 1
66 1467 1
66 101 1
66 1532 1
66 1705 1
67 1907 1
67 1121 1
67 1270 1
67 712 1
67 829 1
68 2005 1
68 2077 1
68 2237 1
68 2244 1
68 2601 1
68 2654 1
68 1159 1
68 1332 1
68 500 1
68 1465 1
68 614 1
68 139 1
68 719 1
68 141 1
68 157 1
69 2167 1
69 2314 1
69 2352 1
69 2418 1
69 2488 1
69 2510 1
69 972 1
69 1070 1
69 1121 1
69 1402 1
69 516 1
69 534 1
69 554 1
69 1473 1
69 1770 1
69 741 1
69 186 1
70 1940 1
70 2142 1
70 2435 1
70 2498 1
70 1120 1
70 1899 1
71 2498 1
71 2643 1
71 2646 1
71 1120 1
71 1121 1
72 888 1
72 1910 1
72 1941 1
72 1986 1
72 2008 1
72 2045 1
72 2056 1
72 2062 1
72 2117 1
72 2299 1
72 2309 1
72 2319 1
72 2358 1
72 2362 1
72 2429 1
72 2430 1
72 2432 1
72 2486 1
72 2492 1
72 2503 1
72 2587 1
72 2600 1
72 2616 1
72 2694 1
72 2701 1
72 964 1
72 1013 1
72 1098 1
72 290 1
72 1166 1
72 371 1
72 382 1
72 383 1
72 391 1
72 410 1
72 469 1
72 484 1
72 502 1
72 508 1
72 510 1
72 1441 1
72 1447 1
72 1480 1
72 1486 1
72 603 1
72 609 1
72 638 1
72 689 1
72 1699 1
72 1771 1
72 158 1
72 753 1
72 805 1
72 807 1
72 815 1
72 842 1
72 1886 1
72 848 1
72 1890 1
72 1894 1
72 875 1
73 913 1
73 1926 1
73 1999 1
73 2000 1
73 2020 1
73 2134 1
73 2165 1
73 2302 1
73 2356 1
73 2477 1
73 2649 1
73 1121 1
73 1152 1
73 1204 1
73 345 1
73 383 1
73 1304 1
73 1315 1
73 78 1
73 1389 1
73 534 1
73 535 1
73 585 1
73 610 1
73 132 1
73 696 1
73 697 1
73 1694 1
73 716 1
73 734 1
73 182 1
73 185 1
74 1999 1
74 2282 1
74 2356 1
74 345 1
74 350 1
74 1516 1
74 716 1
75 1940 1
75 2142 1
75 2305 1
75 1181 1
75 45 1
75 1329 1
75 1507 1
75 716 1
75 1901 1
76 2142 1
76 712 1
77 2305 1
77 1121 1
77 75 1
77 78 1
77 1647 1
78 1899 1
79 2082 1
79 2435 1
79 75 1
79 516 1
79 537 1
79 1899 1
80 1938 1
80 1947 1
80 2088 1
80 2129 1
80 1368 1
80 454 1
80 455 1
80 472 1
80 1407 1
80 1420 1
80 1878 1
80 875 1
81 2625 1
81 43 1
81 1215 1
81 1375 1
82 100 1
83 1975 1
83 2156 1
83 2222 1
84 917 1
84 2087 1
84 2096 1
84 418 1
84 1444 1
84 587 1
84 1509 1
85 1939 1
85 1940 1
85 1955 1
85 2056 1
85 211 1
85 2063 1
85 2078 1
85 2119 1
85 2146 1
85 2506 1
85 2507 1
85 2542 1
85 2561 1
85 2562 1
85 2628 1
85 962 1
85 970 1
85 971 1
85 244 1
85 1044 1
85 1080 1
85 1123 1
85 34 1
85 1363 1
85 476 1
85 1389 1
85 505 1
85 521 1
85 1438 1
85 1445 1
85 1471 1
85 84 1
85 587 1
85 1799 1
85 740 1
85 742 1
85 1849 1
85 1892 1
86 1952 1
86 2265 1
86 2559 1
86 2562 1
86 2589 1
86 953 1
86 34 1
86 1272 1
86 477 1
86 510 1
86 1438 1
86 587 1
86 686 1
86 691 1
86 1851 1
86 873 1
87 1920 1
88 1909 1
88 1921 1
88 2129 1
88 2178 1
88 2239 1
88 2358 1
88 2414 1
88 2417 1
88 978 1
88 28 1
88 5 1
88 1011 1
88 261 1
88 262 1
88 1123 1
88 1161 1
88 1186 1
88 421 1
88 422 1
88 1356 1
88 515 1
88 112 1
88 114 1
88 118 1
88 119 1
88 121 1
88 122 1
88 123 1
88 1670 1
88 1676 1
88 1860 1
88 1902 1
89 7 1
90 1990 1
90 2335 1
90 1031 1
90 1032 1
90 1460 1
90 10 1
90 1487 1
90 152 1
90 183 1
91 313 1
91 1472 1
91 95 1
91 1593 1
92 902 1
92 2044 1
92 2112 1
92 2653 1
92 223 1
92 229 1
92 1099 1
92 7 1
92 389 1
92 578 1
92 736 1
92 786 1
92 1901 1
92 1905 1
93 1922 1
94 171 1
96 1962 1
96 2040 1
96 2236 1
96 2274 1
96 1004 1
96 1120 1
97 2251 1
97 413 1
97 98 1
97 99 1
97 1515 1
98 2251 1
98 2264 1
98 2384 1
98 1328 1
98 413 1
98 1432 1
98 99 1
99 2251 1
99 1432 1
99 98 1
100 2251 1
100 98 1
100 99 1
101 928 1
101 1985 1
101 1003 1
101 1042 1
101 64 1
101 65 1
101 1410 1
101 1467 1
101 1479 1
101 1532 1
101 797 1
102 2619 1
102 1013 1
102 1015 1
102 1016 1
102 1050 1
103 2041 1
103 2141 1
103 2206 1
103 2246 1
103 2258 1
103 2287 1
103 2519 1
103 1046 1
103 1302 1
103 54 1
103 55 1
103 1400 1
103 779 1
103 1884 1
103 886 1
104 1981 1
104 2351 1
104 2424 1
105 2385 1
105 970 1
105 1248 1
105 16 1
106 1908 1
106 2202 1
106 1300 1
106 482 1
106 788 1
107 2081 1
107 16 1
108 1923 1
108 1082 1
108 1527 1
108 1595 1
109 1923 1
109 2001 1
109 2040 1
109 2076 1
109 2151 1
109 734 1
109 829 1
109 182 1
110 2036 1
110 230 1
110 407 1
110 443 1
110 1433 1
111 2507 1
111 2692 1
111 2693 1
111 1781 1
111 1788 1
112 2007 1
112 2029 1
112 2414 1
112 30 1
112 1186 1
112 113 1
112 114 1
112 122 1
112 123 1
113 1362 1
114 2318 1
115 2016 1
115 2091 1
115 2129 1
115 6 1
115 1021 1
115 337 1
115 414 1
115 877 1
116 2003 1
116 2155 1
116 2414 1
116 1127 1
116 335 1
116 166 1
118 210 1
118 1986 1
118 2255 1
118 2563 1
118 259 1
118 410 1
118 72 1
118 1451 1
119 2255 1
119 2638 1
119 428 1
119 668 1
119 802 1
119 1902 1
120 2048 1
120 958 1
120 959 1
120 1123 1
120 1153 1
120 1226 1
120 435 1
120 526 1
120 173 1
120 190 1
120 866 1
121 2255 1
122 208 1
122 1934 1
122 1987 1
122 2003 1
122 2007 1
122 2016 1
122 2029 1
122 2033 1
122 2048 1
122 2070 1
122 2091 1
122 2093 1
122 2096 1
122 2122 1
122 2124 1
122 2128 1
122 2178 1
122 2200 1
122 2204 1
122 2239 1
122 2276 1
122 2290 1
122 2345 1
122 2383 1
122 2387 1
122 2414 1
122 978 1
122 241 1
122 5 1
122 248 1
122 1021 1
122 30 1
122 263 1
122 1087 1
122 1110 1
122 299 1
122 1186 1
122 1195 1
122 335 1
122 337 1
122 1237 1
122 376 1
122 1277 1
122 414 1
122 415 1
122 421 1
122 425 1
122 433 1
122 435 1
122 1355 1
122 1362 1
122 1363 1
122 1409 1
122 508 1
122 526 1
122 1451 1
122 10 1
122 651 1
122 668 1
122 1641 1
122 112 1
122 114 1
122 115 1
122 118 1
122 121 1
122 123 1
122 124 1
122 127 1
122 128 1
122 1671 1
122 1672 1
122 1676 1
122 1783 1
122 166 1
122 1852 1
122 847 1
123 1987 1
123 1995 1
123 2060 1
123 2170 1
123 2318 1
123 2417 1
123 2620 1
123 978 1
123 263 1
123 1078 1
123 1161 1
123 369 1
123 410 1
123 421 1
123 431 1
123 1401 1
123 526 1
123 1451 1
123 114 1
123 118 1
123 119 1
123 124 1
123 128 1
123 1670 1
123 136 1
123 852 1
123 869 1
123 882 1
124 2245 1
124 128 1
125 2129 1
125 2178 1
125 2290 1
125 1252 1
125 877 1
125 1902 1
127 1021 1
127 115 1
127 128 1
128 428 1
128 1401 1
128 115 1
129 207 1
129 2296 1
129 2411 1
129 819 1
130 2159 1
130 2167 1
130 1265 1
130 741 1
131 2054 1
131 2228 1
131 2262 1
131 344 1
132 2020 1
132 2175 1
132 2602 1
132 2609 1
132 2632 1
132 2649 1
132 2659 1
132 1204 1
132 345 1
132 73 1
132 1481 1
132 585 1
132 734 1
133 2314 1
133 1057 1
133 1204 1
133 1415 1
133 1517 1
134 2114 1
134 1204 1
135 1993 1
135 2104 1
136 2276 1
136 2386 1
136 434 1
137 1933 1
137 2387 1
137 302 1
137 434 1
137 651 1
137 136 1
137 1790 1
137 1880 1
138 1924 1
139 946 1
139 1143 1
139 1553 1
139 1600 1
140 2419 1
140 2647 1
140 1405 1
140 1460 1
140 1465 1
140 617 1
140 633 1
140 813 1
140 197 1
141 1993 1
141 2159 1
141 2250 1
141 1265 1
141 132 1
141 154 1
141 741 1
142 712 1
143 2094 1
143 1406 1
144 2282 1
144 1493 1
145 891 1
145 2184 1
145 1406 1
145 505 1
145 1530 1
145 1545 1
145 679 1
145 143 1
146 2013 1
146 1831 1
147 2195 1
147 2306 1
147 1102 1
147 1357 1
147 1364 1
147 1380 1
147 521 1
147 1440 1
147 1482 1
148 1980 1
148 2265 1
148 2351 1
148 1357 1
148 521 1
148 1440 1
148 618 1
148 619 1
149 2285 1
149 979 1
149 242 1
149 1477 1
149 150 1
149 796 1
150 2193 1
150 2285 1
150 2497 1
150 2593 1
150 2691 1
150 1125 1
150 1319 1
150 1477 1
150 1778 1
151 1965 1
151 2177 1
151 2450 1
151 2542 1
151 2628 1
151 34 1
151 1471 1
151 1477 1
151 85 1
151 1818 1
152 2665 1
152 1487 1
153 2708 1
153 1159 1
153 346 1
153 1370 1
153 157 1
153 855 1
154 2153 1
154 2217 1
154 1424 1
154 661 1
154 663 1
155 1907 1
155 896 1
155 2001 1
155 2166 1
155 2253 1
155 313 1
155 1270 1
155 1370 1
156 2188 1
157 1424 1
159 2063 1
159 2078 1
159 1044 1
159 1386 1
159 641 1
160 2260 1
161 2541 1
161 277 1
161 1226 1
161 52 1
161 647 1
162 2565 1
162 163 1
162 165 1
162 1857 1
163 1857 1
164 1857 1
165 163 1
165 1856 1
165 1857 1
166 1987 1
166 2026 1
166 2066 1
166 2122 1
166 2200 1
166 2210 1
166 1399 1
167 2657 1
167 867 1
169 2271 1
169 2642 1
169 1052 1
169 1379 1
169 170 1
169 800 1
170 2125 1
170 2468 1
170 2642 1
170 1052 1
170 1379 1
170 1457 1
170 169 1
171 2574 1
171 1381 1
172 914 1
172 1940 1
172 2274 1
172 1091 1
172 1181 1
172 399 1
172 534 1
174 2055 1
174 2077 1
174 2099 1
174 2355 1
174 2513 1
174 218 1
174 2645 1
174 2670 1
174 1018 1
174 355 1
174 356 1
174 375 1
174 1315 1
174 454 1
174 1420 1
174 614 1
174 615 1
174 616 1
174 648 1
174 1648 1
174 690 1
174 130 1
174 712 1
174 139 1
174 879 1
175 2241 1
175 2519 1
175 53 1
175 776 1
175 779 1
176 2707 1
176 1045 1
176 1119 1
176 1820 1
177 2512 1
177 2707 1
177 25 1
177 1149 1
177 1257 1
177 664 1
177 1820 1
177 176 1
178 2175 1
178 238 1
178 1136 1
178 513 1
178 639 1
179 1136 1
179 513 1
180 1925 1
180 524 1
181 913 1
181 1925 1
182 913 1
182 1925 1
183 893 1
183 913 1
183 1925 1
183 1975 1
183 2222 1
183 1132 1
183 404 1
183 1371 1
183 1409 1
183 10 1
183 1500 1
183 631 1
183 633 1
183 672 1
183 837 1
184 1458 1
185 1926 1
185 2665 1
186 1926 1
187 907 1
187 2395 1
187 1442 1
187 1654 1
187 1753 1
187 1861 1
187 190 1
188 1957 1
188 2300 1
188 2621 1
188 2668 1
188 1197 1
188 1251 1
188 1442 1
188 190 1
189 2252 1
189 2666 1
189 1442 1
189 1654 1
189 1747 1
189 1755 1
189 190 1
190 2395 1
190 2617 1
190 312 1
190 1442 1
190 1654 1
191 1938 1
191 2527 1
192 901 1
193 901 1
193 92 1
193 192 1
194 1927 1
194 1296 1
195 2425 1
195 1688 1
196 2243 1
196 485 1
197 2413 1
197 2634 1
197 1035 1
197 1037 1
197 1153 1
198 2653 1
198 445 1
198 138 1
199 2020 1
199 2294 1
199 940 1
199 1103 1
199 305 1
199 345 1
199 1221 1
199 1304 1
199 73 1
199 535 1
199 538 1
199 610 1
199 1528 1
199 132 1
199 696 1
199 697 1
199 1694 1
199 1823 1
199 825 1
200 203 1
201 199 1
201 2112 1
201 226 1
201 227 1
201 229 1
201 981 1
201 280 1
201 7 1
201 1292 1
201 406 1
201 92 1
201 729 1
201 735 1
201 736 1
201 193 1
202 203 1
202 204 1
202 2047 1
202 2088 1
202 2145 1
202 2254 1
202 1307 1
202 596 1
202 646 1
202 136 1
203 829 1
204 2254 1
204 60 1
205 1936 1
205 937 1
205 1216 1
205 358 1
205 556 1
205 183 1
206 1928 1
206 2035 1
206 2391 1
206 2418 1
206 1192 1
206 463 1
206 464 1
206 465 1
206 516 1
206 569 1
206 1803 1
208 2088 1
208 2135 1
208 2548 1
208 2645 1
208 1151 1
208 350 1
208 454 1
208 461 1
208 1465 1
208 593 1
208 1648 1
208 126 1
208 182 1
208 852 1
209 202 1
209 208 1
209 2704 1
209 314 1
209 334 1
209 1225 1
209 1295 1
209 10 1
209 1647 1
209 183 1
209 882 1
210 1929 1
210 372 1
211 540 1
212 2405 1
212 2487 1
212 1185 1
212 384 1
214 217 1
215 2332 1
215 213 1
215 2654 1
215 344 1
215 1234 1
215 500 1
215 614 1
215 1527 1
215 1595 1
216 2344 1
217 214 1
217 1220 1
217 455 1
217 570 1
217 576 1
218 1493 1
218 711 1
218 797 1
219 2323 1
220 228 1
220 1076 1
221 2035 1
221 2105 1
222 2229 1
222 89 1
222 1905 1
223 1911 1
223 2004 1
223 2194 1
223 2218 1
223 2650 1
223 221 1
223 230 1
223 1094 1
223 1099 1
223 1241 1
223 441 1
223 442 1
223 443 1
223 1374 1
223 1385 1
223 1472 1
223 91 1
223 95 1
223 711 1
223 860 1
224 392 1
225 2027 1
225 2035 1
225 2105 1
225 2483 1
225 2499 1
225 221 1
225 528 1
225 628 1
226 935 1
226 2229 1
226 735 1
227 2323 1
227 220 1
227 228 1
227 7 1
227 407 1
227 864 1
228 2229 1
228 232 1
229 2112 1
229 223 1
229 92 1
229 663 1
229 110 1
229 729 1
229 786 1
230 221 1
231 895 1
231 2035 1
231 2105 1
231 221 1
232 2229 1
232 1076 1
234 922 1
234 2256 1
234 2610 1
234 2669 1
234 1097 1
234 1228 1
234 1445 1
234 1453 1
234 1892 1
235 2402 1
235 289 1
235 291 1
235 293 1
235 1446 1
235 659 1
236 289 1
236 753 1
237 898 1
237 1945 1
237 2027 1
237 2483 1
237 220 1
237 225 1
237 227 1
237 229 1
237 1083 1
237 1100 1
237 289 1
237 341 1
237 342 1
237 407 1
237 92 1
237 110 1
237 138 1
237 729 1
237 735 1
238 2484 1
238 289 1
238 1279 1
239 914 1
239 1386 1
239 1397 1
241 1914 1
241 1964 1
241 1970 1
241 2037 1
241 2397 1
241 993 1
241 1029 1
241 1251 1
241 423 1
241 1462 1
241 652 1
241 654 1
241 657 1
241 1562 1
241 1567 1
241 695 1
241 700 1
241 813 1
241 190 1
242 2285 1
242 2593 1
242 2691 1
242 243 1
242 1778 1
242 149 1
242 150 1
242 796 1
243 2285 1
243 969 1
243 1319 1
243 85 1
243 1778 1
243 149 1
243 150 1
246 1882 1
247 2206 1
247 1108 1
248 299 1
248 1852 1
249 2026 1
249 2255 1
249 1852 1
250 1969 1
250 251 1
251 1969 1
251 1010 1
252 1969 1
252 1010 1
252 251 1
252 1127 1
252 1229 1
252 1412 1
252 1459 1
253 2592 1
253 1010 1
254 302 1
255 256 1
255 257 1
255 814 1
256 2171 1
256 967 1
256 814 1
256 1903 1
257 2249 1
258 2171 1
258 2249 1
258 967 1
258 257 1
258 1200 1
258 1361 1
258 1903 1
259 2029 1
259 2249 1
259 28 1
259 30 1
260 2082 1
260 523 1
260 524 1
261 1953 1
261 262 1
261 458 1
261 564 1
261 819 1
262 2239 1
264 263 1
265 2321 1
265 337 1
266 498 1
267 2234 1
267 2604 1
267 2607 1
267 2656 1
267 2703 1
267 1055 1
267 489 1
267 572 1
267 1748 1
267 880 1
267 883 1
268 1930 1
269 1930 1
269 1711 1
270 1931 1
270 1942 1
270 271 1
270 273 1
270 490 1
270 757 1
271 1931 1
271 1942 1
271 2227 1
271 273 1
271 490 1
271 757 1
272 1931 1
272 1942 1
272 2227 1
272 271 1
272 273 1
272 490 1
272 757 1
273 1931 1
274 1932 1
274 2159 1
274 2237 1
274 1274 1
275 1932 1
275 1991 1
275 2603 1
275 655 1
275 1602 1
275 681 1
276 1932 1
276 277 1
277 1932 1
277 1602 1
278 2094 1
278 1320 1
279 385 1
279 1819 1
280 199 1
280 201 1
280 1945 1
280 2036 1
280 2153 1
280 2647 1
280 226 1
280 237 1
280 1138 1
280 1217 1
280 1233 1
280 1241 1
280 507 1
280 557 1
280 663 1
280 786 1
280 839 1
280 192 1
280 193 1
281 507 1
282 240 1
283 2072 1
283 2215 1
283 2612 1
283 2674 1
283 284 1
283 1139 1
283 1245 1
284 2173 1
284 2215 1
285 1101 1
285 1166 1
285 1373 1
285 1831 1
286 2326 1
286 1101 1
286 66 1
286 1522 1
286 1768 1
286 1828 1
287 1980 1
287 2440 1
287 1101 1
287 1163 1
287 1164 1
287 1166 1
287 1373 1
287 65 1
287 66 1
287 1522 1
287 1705 1
288 1081 1
288 291 1
288 293 1
288 1446 1
288 1474 1
288 629 1
289 962 1
290 1982 1
291 2400 1
292 1960 1
292 2160 1
292 2320 1
292 293 1
292 1331 1
293 292 1
294 2283 1
294 2400 1
294 238 1
294 293 1
295 915 1
295 1960 1
295 1982 1
295 2069 1
295 2240 1
295 2283 1
295 236 1
295 1342 1
296 2441 1
296 2451 1
296 2457 1
296 2462 1
296 985 1
296 1710 1
296 1711 1
296 1713 1
296 1721 1
296 1722 1
296 1740 1
296 1741 1
297 2598 1
297 2633 1
297 1711 1
298 2023 1
298 2210 1
298 2317 1
298 299 1
298 1156 1
298 478 1
298 865 1
299 2614 1
299 2653 1
299 1156 1
299 478 1
299 865 1
300 2162 1
300 1335 1
301 1480 1
302 1933 1
302 1966 1
302 2276 1
302 2386 1
302 1127 1
302 432 1
302 479 1
302 1790 1
302 1880 1
303 1933 1
304 1933 1
305 2237 1
305 2603 1
305 73 1
305 1386 1
305 538 1
305 655 1
306 2022 1
306 697 1
307 1284 1
308 1992 1
309 1291 1
310 830 1
311 2015 1
311 1469 1
311 830 1
313 1907 1
313 91 1
313 1593 1
314 2641 1
314 313 1
314 91 1
315 448 1
315 1525 1
315 1526 1
316 1120 1
316 835 1
317 758 1
318 911 1
318 2115 1
318 953 1
318 1131 1
318 317 1
318 479 1
318 1401 1
318 1482 1
318 1509 1
318 720 1
318 758 1
318 798 1
318 860 1
319 2044 1
319 320 1
319 829 1
321 2002 1
321 2115 1
321 347 1
322 347 1
322 1508 1
323 1955 1
323 347 1
324 2276 1
324 325 1
324 1790 1
324 802 1
326 2620 1
326 2629 1
326 325 1
327 1617 1
327 1621 1
327 1622 1
327 831 1
328 2036 1
328 2662 1
328 245 1
328 314 1
328 456 1
328 1802 1
329 1997 1
329 2139 1
329 2150 1
329 2320 1
329 2359 1
329 2475 1
329 2541 1
329 2546 1
329 977 1
329 1157 1
329 370 1
329 1276 1
329 1390 1
329 564 1
329 609 1
329 118 1
329 689 1
329 1677 1
329 1681 1
329 1761 1
329 1763 1
329 725 1
329 1796 1
329 163 1
329 165 1
329 1855 1
329 815 1
329 1874 1
329 1889 1
329 1890 1
329 1895 1
330 1010 1
330 1272 1
330 477 1
330 546 1
330 873 1
331 530 1
331 704 1
331 846 1
332 331 1
332 845 1
332 846 1
332 862 1
333 846 1
333 20 1
334 2053 1
334 2157 1
334 2179 1
334 2186 1
334 2225 1
334 939 1
334 2420 1
334 2421 1
334 2576 1
334 2597 1
334 2671 1
334 2672 1
334 2673 1
334 1064 1
334 59 1
334 457 1
334 1446 1
334 97 1
334 1548 1
334 1549 1
334 1550 1
334 846 1
335 1934 1
335 2207 1
336 1934 1
336 1939 1
336 2020 1
337 1934 1
337 2016 1
337 2033 1
337 2091 1
337 376 1
337 745 1
337 166 1
338 2014 1
338 2099 1
338 2219 1
338 339 1
338 340 1
338 1265 1
338 1436 1
338 130 1
339 340 1
341 2042 1
341 2209 1
341 2269 1
341 220 1
341 228 1
341 232 1
341 981 1
341 342 1
341 389 1
341 561 1
341 864 1
342 2042 1
342 2269 1
342 219 1
342 220 1
342 228 1
342 232 1
342 341 1
342 561 1
342 864 1
343 2335 1
343 1424 1
346 2336 1
346 2708 1
348 2168 1
348 2181 1
348 349 1
348 1352 1
348 1358 1
349 2047 1
349 2135 1
349 2168 1
349 1352 1
349 1358 1
349 1515 1
351 2174 1
352 1935 1
352 2032 1
352 2118 1
352 2349 1
352 1067 1
352 1174 1
352 353 1
352 1282 1
352 1492 1
352 1613 1
352 1644 1
353 1935 1
353 2032 1
353 2349 1
353 1644 1
354 2017 1
354 2350 1
354 1215 1
354 1375 1
354 531 1
354 532 1
354 533 1
354 82 1
355 2077 1
355 1064 1
355 614 1
355 615 1
355 616 1
355 139 1
356 205 1
356 920 1
356 921 1
356 1936 1
356 2261 1
356 2268 1
356 2295 1
356 239 1
356 259 1
356 35 1
356 357 1
356 358 1
356 69 1
356 512 1
356 1436 1
356 702 1
356 141 1
356 142 1
356 856 1
357 205 1
357 1936 1
357 358 1
358 205 1
358 1936 1
359 2084 1
359 545 1
360 363 1
361 363 1
362 2088 1
362 2135 1
362 363 1
364 363 1
365 2030 1
365 2250 1
365 431 1
366 367 1
366 766 1
367 2172 1
367 1024 1
367 1027 1
367 765 1
367 834 1
368 1976 1
368 2101 1
368 546 1
368 557 1
368 1568 1
369 1992 1
369 1123 1
369 308 1
371 1157 1
371 372 1
372 2062 1
372 260 1
372 1085 1
372 1235 1
372 371 1
372 1762 1
372 852 1
374 394 1
375 897 1
375 898 1
375 2218 1
375 213 1
375 218 1
375 2639 1
375 2645 1
375 1165 1
375 356 1
375 398 1
375 399 1
375 1460 1
375 711 1
375 758 1
375 817 1
376 2003 1
376 2033 1
376 168 1
377 2095 1
377 279 1
377 1887 1
378 1937 1
378 2006 1
378 2636 1
379 2066 1
380 1955 1
380 1972 1
380 1976 1
380 2000 1
380 2010 1
380 2291 1
380 2436 1
380 2455 1
380 2596 1
380 2686 1
380 982 1
380 1005 1
380 1010 1
380 1068 1
380 1069 1
380 330 1
380 1198 1
380 1208 1
380 368 1
380 1272 1
380 409 1
380 546 1
380 698 1
380 1699 1
380 710 1
380 1782 1
380 797 1
380 848 1
380 874 1
381 1950 1
381 2116 1
381 1005 1
381 494 1
381 547 1
381 142 1
382 2600 1
382 2616 1
382 2701 1
382 383 1
382 391 1
382 875 1
383 1340 1
383 1434 1
385 2056 1
385 2220 1
385 2562 1
385 2676 1
385 1073 1
385 1208 1
385 1786 1
385 16 1
386 1959 1
386 1991 1
386 2279 1
386 2324 1
386 45 1
386 1698 1
387 414 1
387 579 1
388 1593 1
389 2042 1
389 2073 1
389 2263 1
389 1433 1
390 2154 1
391 1151 1
391 383 1
391 502 1
391 875 1
392 1076 1
392 1286 1
393 2004 1
393 2209 1
393 1076 1
394 373 1
395 2005 1
395 2175 1
396 1962 1
396 671 1
397 2076 1
398 1420 1
398 172 1
400 2090 1
400 2376 1
400 2592 1
400 1160 1
401 2592 1
402 2009 1
402 2357 1
402 403 1
402 1601 1
402 716 1
403 2000 1
403 1855 1
404 2102 1
404 259 1
404 1132 1
404 1371 1
404 497 1
405 2009 1
405 2545 1
405 403 1
406 935 1
406 981 1
406 1292 1
407 2209 1
407 227 1
408 917 1
408 1948 1
408 2318 1
408 411 1
408 418 1
408 1800 1
408 1801 1
408 1802 1
408 775 1
409 917 1
409 944 1
409 314 1
409 368 1
409 411 1
409 418 1
409 1800 1
409 1801 1
409 1802 1
410 336 1
410 418 1
410 651 1
411 418 1
412 914 1
412 1939 1
412 2279 1
412 937 1
412 2510 1
412 35 1
412 375 1
413 98 1
413 99 1
414 2155 1
414 2345 1
414 1388 1
415 335 1
415 116 1
416 2047 1
416 2293 1
417 2178 1
417 2383 1
417 1672 1
418 917 1
418 2207 1
418 1800 1
418 1802 1
419 2608 1
419 20 1
420 2625 1
421 2026 1
422 2007 1
422 2029 1
422 998 1
422 30 1
422 1372 1
422 1435 1
422 1551 1
422 657 1
423 1964 1
423 2037 1
423 422 1
423 1372 1
423 657 1
423 700 1
424 923 1
425 2070 1
425 2124 1
425 2387 1
425 248 1
425 1277 1
425 415 1
425 1399 1
425 121 1
425 127 1
425 1671 1
425 1672 1
425 866 1
426 508 1
427 1994 1
427 2309 1
427 963 1
428 2026 1
429 1409 1
430 2352 1
430 410 1
430 126 1
430 127 1
431 2030 1
431 2250 1
431 1193 1
433 847 1
435 1123 1
435 369 1
436 2638 1
436 5 1
436 1212 1
436 173 1
436 867 1
437 248 1
437 121 1
438 2627 1
438 1087 1
438 1399 1
438 1860 1
439 2583 1
439 2657 1
439 1008 1
439 1418 1
439 167 1
439 869 1
440 978 1
440 1212 1
441 474 1
442 1911 1
442 443 1
444 223 1
444 1094 1
444 1095 1
446 644 1
446 1586 1
446 1643 1
447 911 1
447 1980 1
447 1107 1
447 1166 1
447 448 1
447 510 1
447 720 1
447 835 1
447 860 1
448 2304 1
448 2312 1
449 2111 1
449 2278 1
449 1006 1
449 1065 1
449 1081 1
449 450 1
449 72 1
449 1455 1
450 1008 1
451 1008 1
451 1364 1
451 509 1
451 148 1
452 1093 1
453 2247 1
453 72 1
453 1681 1
453 776 1
454 2600 1
454 2616 1
454 2701 1
454 1066 1
454 455 1
456 245 1
459 2009 1
460 2282 1
460 601 1
462 1984 1
462 1136 1
463 2391 1
463 464 1
463 1803 1
464 1803 1
465 206 1
465 1913 1
465 2035 1
465 2291 1
465 2298 1
465 2391 1
465 2398 1
465 2552 1
465 2594 1
465 2599 1
465 2626 1
465 1192 1
465 1344 1
465 463 1
465 464 1
465 471 1
465 569 1
465 1803 1
465 1804 1
466 2168 1
466 940 1
466 277 1
466 339 1
466 1352 1
466 1358 1
466 539 1
467 2435 1
467 965 1
467 535 1
467 539 1
468 2425 1
468 2593 1
468 1248 1
468 551 1
468 552 1
468 1682 1
468 1683 1
468 1684 1
468 1688 1
468 1689 1
468 195 1
469 726 1
469 727 1
470 1414 1
470 844 1
471 2298 1
471 2396 1
471 1192 1
471 472 1
472 1192 1
473 2136 1
473 2261 1
473 2680 1
473 1205 1
473 469 1
473 1403 1
473 499 1
473 583 1
473 142 1
473 1806 1
474 686 1
474 860 1
475 279 1
475 1133 1
475 540 1
475 1695 1
475 1696 1
475 820 1
476 34 1
476 742 1
477 874 1
478 2210 1
480 1980 1
480 2265 1
480 2516 1
480 1102 1
480 1357 1
480 1364 1
480 1380 1
480 1482 1
481 1908 1
481 482 1
483 2075 1
483 245 1
483 1472 1
484 980 1
484 1221 1
484 496 1
485 2243 1
485 2283 1
485 792 1
485 793 1
485 795 1
486 2221 1
486 485 1
486 792 1
486 793 1
486 795 1
487 1941 1
487 2658 1
487 2696 1
487 488 1
487 1626 1
487 805 1
488 1941 1
488 2083 1
489 1941 1
489 2533 1
489 2571 1
489 1611 1
489 1626 1
490 1942 1
490 2227 1
491 2012 1
491 2092 1
491 2149 1
491 2164 1
491 2189 1
491 2280 1
491 2634 1
491 1182 1
491 492 1
491 493 1
491 1421 1
491 833 1
491 841 1
492 2280 1
492 833 1
492 841 1
493 2280 1
493 492 1
493 841 1
494 1943 1
494 547 1
495 1943 1
496 900 1
496 972 1
496 1220 1
497 364 1
497 458 1
498 1945 1
498 2004 1
498 266 1
499 2123 1
499 2621 1
499 2668 1
499 1067 1
499 1218 1
499 352 1
499 1276 1
499 1318 1
499 583 1
499 606 1
499 1501 1
499 1791 1
501 1124 1
501 502 1
501 675 1
502 2213 1
503 1946 1
503 2180 1
503 704 1
503 862 1
504 924 1
504 927 1
504 2050 1
504 2306 1
504 37 1
504 1511 1
504 758 1
505 891 1
505 1910 1
505 2090 1
505 2184 1
505 2370 1
505 1160 1
505 1452 1
505 678 1
505 679 1
505 1667 1
506 24 1
506 2123 1
506 559 1
506 1499 1
508 1020 1
508 351 1
508 426 1
509 2594 1
509 2599 1
509 2626 1
509 451 1
510 1968 1
510 2589 1
510 2594 1
510 2599 1
510 2626 1
510 1190 1
510 1439 1
510 1440 1
510 1441 1
510 1447 1
510 618 1
510 619 1
510 723 1
511 2614 1
511 299 1
511 785 1
512 914 1
512 1947 1
512 937 1
512 239 1
512 356 1
512 398 1
512 1386 1
512 1408 1
512 505 1
512 591 1
512 659 1
512 702 1
513 1947 1
513 1984 1
513 2175 1
513 1329 1
513 639 1
514 2513 1
514 2602 1
514 2609 1
514 2632 1
514 2659 1
514 1198 1
514 336 1
515 336 1
516 2352 1
516 972 1
516 1167 1
517 2050 1
517 6 1
517 1173 1
517 522 1
517 1597 1
517 1598 1
518 2413 1
518 1235 1
518 48 1
518 108 1
518 703 1
519 2223 1
519 1309 1
520 1968 1
521 1364 1
522 2050 1
522 2306 1
522 2614 1
522 1357 1
522 785 1
525 923 1
525 2377 1
525 2399 1
525 2681 1
525 955 1
525 1604 1
525 1605 1
525 1609 1
525 1641 1
525 1651 1
525 682 1
526 1948 1
527 2456 1
527 2458 1
527 1043 1
527 1086 1
527 1706 1
527 1740 1
528 1995 1
528 2552 1
528 95 1
528 628 1
528 711 1
528 802 1
529 1949 1
530 2017 1
530 2179 1
530 2597 1
531 1375 1
532 2017 1
532 2085 1
533 2350 1
533 532 1
535 2020 1
535 835 1
536 1991 1
536 2363 1
536 2364 1
536 2365 1
536 945 1
536 946 1
536 947 1
536 1194 1
536 1332 1
536 73 1
536 589 1
536 610 1
536 640 1
536 1601 1
536 1602 1
536 781 1
537 1402 1
537 516 1
537 538 1
537 1517 1
538 1999 1
538 2488 1
538 73 1
538 132 1
539 2435 1
539 965 1
539 535 1
540 541 1
540 723 1
540 725 1
541 723 1
541 724 1
542 6 1
543 33 1
544 2292 1
544 2697 1
544 2699 1
544 2700 1
544 1078 1
544 1113 1
544 1163 1
544 1280 1
544 1358 1
544 65 1
544 625 1
544 1519 1
544 1522 1
544 1529 1
544 1768 1
544 1826 1
544 1828 1
544 1831 1
546 1950 1
546 2116 1
547 1950 1
548 957 1
549 957 1
549 259 1
550 1951 1
550 2503 1
550 2602 1
550 2609 1
550 2632 1
550 2659 1
550 8 1
550 610 1
550 1782 1
552 551 1
552 1689 1
552 1879 1
553 2268 1
553 937 1
553 2488 1
553 1057 1
553 1070 1
553 1473 1
553 1770 1
555 1952 1
556 2048 1
556 2127 1
556 997 1
557 1888 1
558 22 1
558 2080 1
558 1063 1
558 1155 1
558 1174 1
558 1176 1
558 1197 1
558 573 1
558 1554 1
558 1633 1
558 682 1
560 2183 1
560 2208 1
560 2595 1
560 1398 1
561 1241 1
562 392 1
563 1286 1
563 392 1
563 562 1
563 663 1
563 1905 1
564 1953 1
565 1953 1
565 2185 1
566 2447 1
567 2554 1
567 1085 1
567 290 1
568 1496 1
568 886 1
569 2391 1
569 464 1
569 1803 1
570 2005 1
570 1214 1
570 602 1
571 1954 1
572 2343 1
573 2375 1
573 998 1
573 1247 1
573 1435 1
573 558 1
573 1554 1
574 1218 1
574 1298 1
574 1650 1
575 2454 1
575 399 1
577 2431 1
577 1180 1
577 1407 1
577 578 1
577 1901 1
578 1977 1
578 2002 1
578 2500 1
578 1180 1
578 1181 1
578 1329 1
578 577 1
578 1901 1
579 1987 1
579 971 1
580 1956 1
580 2012 1
580 2164 1
580 2189 1
580 493 1
580 833 1
582 1957 1
582 2300 1
583 22 1
583 24 1
583 2485 1
583 1063 1
583 1176 1
583 1276 1
583 1501 1
583 1791 1
583 1900 1
584 2613 1
584 738 1
586 2641 1
586 1593 1
587 398 1
588 1977 1
590 920 1
590 921 1
590 1984 1
590 2219 1
590 2244 1
590 2601 1
590 1040 1
590 1371 1
590 519 1
590 1436 1
590 594 1
590 630 1
591 659 1
592 2655 1
592 659 1
594 920 1
594 2219 1
594 35 1
594 1436 1
595 2099 1
595 2644 1
595 1265 1
595 579 1
595 130 1
596 1432 1
597 2303 1
597 598 1
597 599 1
600 2297 1
603 1015 1
603 1248 1
604 1015 1
604 603 1
605 1957 1
605 2300 1
606 1957 1
606 1641 1
607 1957 1
608 2252 1
608 2540 1
608 1448 1
608 1468 1
609 2109 1
609 1236 1
609 1681 1
609 165 1
610 78 1
610 716 1
611 612 1
612 611 1
613 75 1
613 1493 1
614 2001 1
614 615 1
614 616 1
615 2335 1
616 615 1
618 254 1
618 510 1
618 1439 1
618 619 1
618 1793 1
619 254 1
619 1439 1
619 1447 1
620 976 1
620 278 1
620 1348 1
621 686 1
622 1958 1
623 2324 1
623 388 1
624 763 1
625 1280 1
626 2537 1
626 2699 1
626 1280 1
626 544 1
626 625 1
627 1280 1
627 625 1
628 2027 1
628 225 1
628 237 1
628 621 1
631 2222 1
631 364 1
631 404 1
631 497 1
632 2156 1
632 364 1
632 631 1
632 633 1
633 1975 1
633 1132 1
633 1500 1
634 276 1
635 1961 1
635 637 1
636 1961 1
636 2107 1
636 635 1
637 1961 1
638 1365 1
638 540 1
638 1483 1
639 1962 1
640 2165 1
641 2477 1
641 2665 1
642 2192 1
642 655 1
643 923 1
643 2346 1
643 2348 1
643 2570 1
643 954 1
643 955 1
643 303 1
643 424 1
643 1582 1
643 1583 1
643 1584 1
643 1587 1
643 1608 1
643 1638 1
644 2374 1
644 2676 1
644 1053 1
644 1282 1
644 1490 1
644 1491 1
644 1587 1
644 1627 1
644 1629 1
644 674 1
644 714 1
645 2196 1
645 2375 1
645 1587 1
645 1590 1
645 1628 1
645 1635 1
645 674 1
645 693 1
646 106 1
647 1963 1
648 2355 1
649 2157 1
649 1216 1
649 1515 1
650 1216 1
651 1880 1
652 1964 1
652 2037 1
652 993 1
652 653 1
652 654 1
652 700 1
652 813 1
653 1964 1
653 2037 1
653 2397 1
653 993 1
653 1029 1
653 654 1
653 695 1
653 697 1
653 700 1
653 738 1
654 1964 1
654 1970 1
654 993 1
654 700 1
655 2192 1
655 2224 1
655 2603 1
655 1273 1
655 1415 1
656 422 1
656 1372 1
656 657 1
657 2369 1
657 326 1
657 422 1
657 1372 1
657 1462 1
658 2395 1
658 2511 1
658 2617 1
658 2681 1
658 432 1
658 1604 1
658 1605 1
658 1609 1
658 1641 1
658 1651 1
658 1753 1
659 1822 1
660 2706 1
660 1261 1
661 2217 1
661 663 1
662 154 1
663 2153 1
663 2217 1
663 661 1
664 246 1
664 1045 1
664 1882 1
665 2143 1
665 832 1
666 832 1
667 1066 1
667 832 1
668 1153 1
669 2131 1
669 1287 1
670 2341 1
670 2342 1
670 32 1
670 487 1
670 1573 1
670 738 1
671 2274 1
673 900 1
673 981 1
673 1233 1
673 1292 1
673 110 1
674 876 1
675 501 1
676 2600 1
676 2616 1
676 2701 1
676 1151 1
676 382 1
676 391 1
676 454 1
676 875 1
677 1452 1
677 678 1
678 1452 1
679 1452 1
681 696 1
682 2019 1
682 2399 1
682 2666 1
682 432 1
682 1900 1
683 1900 1
684 1971 1
685 2011 1
685 1225 1
685 857 1
686 474 1
686 621 1
686 860 1
687 2481 1
687 1196 1
687 1294 1
687 1614 1
687 1767 1
689 688 1
690 2028 1
691 2034 1
691 555 1
692 1360 1
693 1282 1
694 268 1
694 1378 1
695 993 1
697 1507 1
697 812 1
697 876 1
698 1972 1
699 1973 1
699 2262 1
699 2303 1
701 2082 1
701 867 1
702 1070 1
702 524 1
702 155 1
702 156 1
703 2201 1
703 1035 1
703 1037 1
703 260 1
703 156 1
704 2597 1
704 530 1
704 761 1
704 845 1
704 862 1
705 935 1
705 1292 1
706 1974 1
707 1090 1
707 518 1
707 701 1
708 2311 1
708 1024 1
708 1512 1
708 765 1
709 2074 1
709 2203 1
709 1024 1
709 1027 1
709 1058 1
709 367 1
709 708 1
709 1829 1
709 765 1
709 834 1
710 1976 1
710 2686 1
710 368 1
711 1977 1
711 2218 1
711 1374 1
711 95 1
712 1977 1
712 2108 1
713 2403 1
713 1053 1
713 644 1
713 1627 1
713 714 1
714 2289 1
714 876 1
715 1053 1
715 1627 1
715 1629 1
715 714 1
716 185 1
717 1417 1
717 185 1
718 2553 1
718 2575 1
718 1555 1
718 1811 1
718 1813 1
719 1978 1
719 630 1
720 1924 1
720 1978 1
720 2637 1
721 1506 1
721 806 1
722 806 1
723 541 1
724 541 1
725 2197 1
725 2610 1
725 2669 1
725 1438 1
725 541 1
726 469 1
726 727 1
727 469 1
728 1979 1
729 2075 1
729 2552 1
729 225 1
729 7 1
729 1130 1
729 528 1
729 628 1
730 2329 1
730 2330 1
730 1544 1
731 2157 1
731 650 1
732 599 1
733 1981 1
733 2351 1
733 2424 1
733 1592 1
737 1255 1
737 1459 1
737 175 1
738 1213 1
738 739 1
739 1213 1
740 2507 1
743 1984 1
743 2009 1
745 2025 1
745 744 1
746 2025 1
746 2048 1
746 997 1
746 744 1
746 745 1
747 410 1
747 515 1
748 2402 1
748 1610 1
748 1622 1
749 1986 1
750 2598 1
750 2633 1
751 1272 1
751 873 1
752 2544 1
753 2214 1
754 1987 1
755 1881 1
756 2336 1
756 153 1
756 855 1
756 1898 1
757 271 1
757 273 1
758 2050 1
758 953 1
758 317 1
758 504 1
759 2537 1
759 2539 1
759 1172 1
759 1512 1
759 1519 1
759 1529 1
759 1768 1
759 1827 1
759 1829 1
759 1830 1
760 1988 1
760 431 1
761 1988 1
761 1996 1
761 2648 1
761 2660 1
761 2661 1
762 2107 1
762 636 1
763 624 1
764 2012 1
764 2189 1
764 491 1
764 493 1
764 1421 1
764 833 1
765 1024 1
765 367 1
766 1024 1
766 366 1
767 203 1
767 2133 1
767 47 1
768 2248 1
768 2436 1
768 2437 1
769 1989 1
770 1989 1
771 1989 1
771 769 1
771 770 1
772 2018 1
772 2350 1
772 532 1
772 533 1
772 82 1
773 1990 1
773 2001 1
773 355 1
773 1465 1
774 905 1
774 2270 1
774 1052 1
775 2070 1
775 1800 1
777 1229 1
778 1229 1
779 2120 1
779 2241 1
779 1046 1
779 1884 1
780 1991 1
780 2361 1
780 2365 1
780 2665 1
780 1600 1
780 1602 1
781 1991 1
781 2365 1
781 1602 1
782 2008 1
782 2169 1
783 2575 1
783 784 1
785 918 1
785 2407 1
785 2614 1
785 2653 1
785 1102 1
785 1357 1
785 522 1
785 1597 1
785 1598 1
786 192 1
787 2406 1
787 2491 1
787 1151 1
787 386 1
787 1352 1
787 1358 1
787 9 1
787 1658 1
787 16 1
788 63 1
788 1497 1
789 63 1
789 1497 1
790 2243 1
791 1566 1
791 1836 1
791 196 1
793 485 1
793 791 1
793 795 1
793 196 1
794 2243 1
794 485 1
794 795 1
795 2243 1
795 485 1
795 791 1
795 792 1
795 196 1
796 1777 1
796 1779 1
797 2272 1
797 2476 1
797 218 1
797 2655 1
797 470 1
797 1411 1
797 798 1
797 844 1
798 2476 1
799 1379 1
799 169 1
799 800 1
800 2271 1
800 1379 1
801 255 1
801 256 1
801 257 1
802 1995 1
802 1880 1
803 804 1
806 805 1
807 805 1
808 1996 1
808 61 1
809 892 1
809 1996 1
809 61 1
810 2234 1
810 2307 1
810 2337 1
810 2339 1
810 2388 1
810 2402 1
810 2604 1
810 2607 1
810 2656 1
810 2682 1
810 2703 1
810 1306 1
810 1330 1
810 1367 1
810 1 1
810 1510 1
810 1558 1
810 1570 1
810 1655 1
810 748 1
810 803 1
810 818 1
810 884 1
811 1239 1
811 360 1
811 361 1
812 1898 1
813 241 1
813 652 1
813 653 1
813 654 1
813 695 1
814 1361 1
815 1997 1
816 1997 1
816 2197 1
816 2423 1
816 724 1
817 1998 1
817 2005 1
818 1998 1
818 2524 1
818 312 1
818 1315 1
818 1461 1
818 1505 1
818 884 1
821 369 1
821 1363 1
821 1564 1
822 1363 1
822 1673 1
823 2144 1
823 2325 1
823 2381 1
823 2607 1
823 2656 1
823 2682 1
823 2703 1
823 1084 1
823 1531 1
823 1561 1
823 1570 1
823 1574 1
823 1611 1
823 1697 1
823 713 1
823 1791 1
824 2244 1
824 2601 1
825 2244 1
825 2601 1
826 138 1
826 773 1
826 174 1
826 183 1
826 882 1
827 2004 1
828 2530 1
828 2620 1
828 2629 1
828 326 1
830 2140 1
830 310 1
831 1621 1
832 2354 1
832 1349 1
832 1350 1
832 1351 1
832 1863 1
833 493 1
834 2074 1
834 2664 1
834 1058 1
834 367 1
836 893 1
836 908 1
837 672 1
838 2006 1
838 2636 1
838 1038 1
838 13 1
838 709 1
839 2108 1
839 2176 1
839 2500 1
839 2605 1
839 1267 1
839 433 1
839 577 1
839 578 1
839 721 1
839 142 1
839 847 1
839 1901 1
840 918 1
840 2407 1
841 2280 1
841 492 1
842 2135 1
842 261 1
842 1396 1
843 638 1
844 470 1
844 1414 1
845 331 1
846 2085 1
846 2179 1
846 2180 1
846 331 1
847 2124 1
848 2010 1
849 2435 1
849 1132 1
849 539 1
850 1286 1
850 1905 1
851 2321 1
853 2630 1
853 969 1
853 1062 1
853 1337 1
853 1338 1
854 1138 1
855 157 1
856 2098 1
856 2283 1
857 2011 1
858 1053 1
858 1613 1
858 1626 1
858 1627 1
858 1629 1
858 693 1
859 1921 1
859 2379 1
859 2676 1
859 952 1
859 1635 1
859 693 1
862 2085 1
862 2180 1
863 2085 1
864 561 1
867 869 1
868 866 1
870 2657 1
870 167 1
870 869 1
871 866 1
872 2030 1
872 431 1
872 1906 1
873 477 1
874 477 1
877 1631 1
878 1635 1
878 877 1
879 1220 1
879 79 1
879 537 1
880 890 1
880 2604 1
880 2682 1
880 489 1
880 883 1
881 489 1
881 1611 1
883 2604 1
883 1565 1
884 818 1
885 1577 1
885 1578 1
885 1580 1
887 1579 1
888 1188 1
888 1486 1
888 1806 1
889 2018 1
890 2252 1
890 2540 1
891 678 1
892 893 1
892 1645 1
894 895 1
895 2105 1
895 2583 1
895 432 1
896 2021 1
897 2021 1
898 897 1
898 2639 1
898 1079 1
898 155 1
899 1506 1
901 192 1
902 192 1
903 1061 1
904 903 1
904 1061 1
905 2689 1
905 774 1
906 2148 1
906 2223 1
906 2376 1
906 400 1
906 401 1
907 2130 1
907 2337 1
907 2347 1
907 2403 1
907 2667 1
907 1285 1
907 1491 1
907 644 1
907 1566 1
908 909 1
908 2024 1
909 2024 1
910 2024 1
910 1774 1
911 989 1
912 989 1
912 992 1
915 1188 1
915 1331 1
915 1347 1
916 1188 1
916 1189 1
917 2096 1
918 1915 1
918 2407 1
919 2236 1
920 921 1
920 1436 1
922 2031 1
922 2256 1
923 2032 1
923 2348 1
923 2667 1
923 2677 1
923 424 1
923 1582 1
923 1583 1
923 1584 1
923 1589 1
924 925 1
924 1915 1
924 1107 1
924 1376 1
925 924 1
925 1915 1
926 924 1
926 925 1
926 2306 1
926 2528 1
926 720 1
927 924 1
927 1107 1
927 1376 1
927 1795 1
928 1042 1
929 2604 1
929 1345 1
930 931 1
930 932 1
931 930 1
931 932 1
933 836 1
934 2231 1
935 1292 1
936 2157 1
937 2268 1
937 2488 1
937 1057 1
937 1070 1
937 1770 1
938 2250 1
940 835 1
941 701 1
942 2301 1
943 2038 1
944 245 1
945 947 1
945 1332 1
946 947 1
946 1194 1
946 1553 1
946 781 1
948 2039 1
949 2078 1
949 386 1
949 78 1
950 2346 1
950 2348 1
950 952 1
950 1285 1
950 1582 1
950 1584 1
951 952 1
951 1285 1
952 1285 1
953 1401 1
954 424 1
955 954 1
956 2161 1
956 530 1
956 845 1
956 862 1
958 959 1
958 1252 1
959 1252 1
960 962 1
961 962 1
964 2045 1
964 2273 1
966 2065 1
966 2171 1
966 1903 1
967 1200 1
967 1903 1
968 2137 1
969 1062 1
969 1338 1
973 2588 1
974 2068 1
974 2588 1
975 2606 1
976 1051 1
976 278 1
976 620 1
977 2475 1
977 2484 1
977 2702 1
977 370 1
977 564 1
977 1486 1
977 1761 1
977 1763 1
978 115 1
978 127 1
978 128 1
979 1125 1
979 149 1
980 630 1
981 2042 1
981 389 1
982 2043 1
983 2235 1
983 2293 1
983 2316 1
983 2317 1
983 1171 1
985 2456 1
985 297 1
986 2046 1
987 2046 1
987 986 1
988 912 1
989 912 1
989 725 1
990 912 1
990 992 1
990 1739 1
991 912 1
991 988 1
992 912 1
992 990 1
992 1721 1
992 1739 1
992 1741 1
993 2047 1
993 1462 1
993 1562 1
994 2147 1
994 1281 1
996 995 1
997 2048 1
998 1435 1
999 2049 1
999 2266 1
999 1000 1
1000 2049 1
1000 2266 1
1001 1883 1
1005 547 1
1006 1081 1
1006 1226 1
1007 1226 1
1008 1459 1
1009 1459 1
1010 1459 1
1011 581 1
1011 606 1
1011 1620 1
1012 1813 1
1013 2069 1
1013 1016 1
1013 1050 1
1014 915 1
1014 2240 1
1015 915 1
1015 2240 1
1015 1016 1
1016 2619 1
1017 2619 1
1017 1016 1
1018 2355 1
1018 2670 1
1018 648 1
1019 2052 1
1020 1498 1
1021 2122 1
1021 2128 1
1021 2200 1
1022 2144 1
1022 1115 1
1022 1485 1
1023 2104 1
1023 1485 1
1023 1504 1
1023 803 1
1024 1027 1
1025 2172 1
1025 1027 1
1026 366 1
1027 2203 1
1027 1058 1
1028 366 1
1029 1970 1
1029 1462 1
1029 1562 1
1030 2520 1
1030 2551 1
1030 973 1
1030 1268 1
1030 175 1
1031 152 1
1032 1031 1
1032 1487 1
1032 152 1
1033 2054 1
1034 369 1
1035 1405 1
1036 1035 1
1036 1405 1
1037 1035 1
1038 367 1
1038 709 1
1039 2055 1
1039 2211 1
1039 2643 1
1039 2646 1
1040 2055 1
1040 519 1
1040 824 1
1041 203 1
1041 2133 1
1041 996 1
1041 47 1
1041 767 1
1042 2162 1
1042 300 1
1043 2071 1
1043 2458 1
1043 2459 1
1043 2687 1
1043 1705 1
1043 844 1
1045 246 1
1047 2056 1
1048 2057 1
1048 2084 1
1049 829 1
1051 2069 1
1051 2467 1
1051 1014 1
1051 1885 1
1052 2270 1
1053 2123 1
1053 1502 1
1054 2234 1
1054 499 1
1054 2 1
1054 1564 1
1054 1653 1
1054 748 1
1054 791 1
1055 2234 1
1056 547 1
1057 1473 1
1058 2074 1
1058 2203 1
1058 1027 1
1059 2413 1
1059 1090 1
1059 1234 1
1059 58 1
1059 818 1
1060 2115 1
1061 903 1
1062 1338 1
1063 2478 1
1064 697 1
1065 1242 1
1065 72 1
1066 2143 1
1067 2118 1
1067 2371 1
1067 2377 1
1067 2560 1
1067 352 1
1067 1642 1
1068 1001 1
1068 1699 1
1069 2116 1
1069 2503 1
1069 546 1
1070 1057 1
1070 1473 1
1070 1770 1
1071 1359 1
1071 1764 1
1072 2657 1
1072 167 1
1072 869 1
1073 2059 1
1073 2504 1
1073 1695 1
1074 2060 1
1074 2377 1
1075 2061 1
1075 2434 1
1077 2286 1
1078 1597 1
1079 2166 1
1080 2257 1
1082 1917 1
1083 2583 1
1083 1082 1
1083 1904 1
1084 1596 1
1084 1611 1
1085 2062 1
1085 372 1
1086 2449 1
1086 1479 1
1086 1533 1
1086 1534 1
1086 1536 1
1086 1537 1
1086 1538 1
1086 1540 1
1086 1734 1
1087 2124 1
1088 2106 1
1088 2531 1
1088 1089 1
1089 2106 1
1089 2531 1
1089 1088 1
1091 2274 1
1091 2430 1
1091 2432 1
1091 2433 1
1091 2523 1
1091 1004 1
1092 1449 1
1092 180 1
1094 1095 1
1095 1094 1
1095 1099 1
1096 2066 1
1097 2610 1
1097 2669 1
1097 1438 1
1097 1444 1
1098 2205 1
1099 1241 1
1100 138 1
1102 1482 1
1103 199 1
1104 2334 1
1105 2618 1
1105 1106 1
1105 1278 1
1106 2618 1
1106 1278 1
1107 1376 1
1107 1793 1
1109 2360 1
1109 780 1
1110 2679 1
1111 2067 1
1111 1112 1
1111 1838 1
1112 2067 1
1112 2547 1
1112 1111 1
1112 1841 1
1113 965 1
1113 539 1
1113 1509 1
1113 1525 1
1113 1526 1
1114 2068 1
1115 1485 1
1116 2236 1
1117 2072 1
1117 2215 1
1118 2073 1
1118 2263 1
1118 389 1
1121 2282 1
1122 828 1
1125 2497 1
1125 2691 1
1126 2497 1
1126 2691 1
1128 1775 1
1130 2075 1
1130 2553 1
1130 2578 1
1130 1869 1
1131 953 1
1133 1368 1
1133 1696 1
1134 1133 1
1134 1696 1
1135 2252 1
1135 2525 1
1135 1791 1
1136 639 1
1137 915 1
1137 2240 1
1137 1809 1
1137 1847 1
1139 938 1
1139 2674 1
1139 1245 1
1140 99 1
1141 2080 1
1142 2080 1
1142 1596 1
1143 1907 1
1143 946 1
1143 1194 1
1143 1553 1
1143 781 1
1144 2083 1
1144 739 1
1145 2083 1
1146 2084 1
1146 2319 1
1146 1048 1
1147 2270 1
1147 2624 1
1147 1052 1
1147 1469 1
1148 1052 1
1149 2487 1
1150 2086 1
1151 1152 1
1152 2242 1
1152 1434 1
1154 1197 1
1155 2479 1
1155 1197 1
1155 1766 1
1156 865 1
1157 1129 1
1157 1390 1
1158 2089 1
1159 2201 1
1159 2335 1
1159 1424 1
1160 2090 1
1161 1670 1
1162 2635 1
1162 1173 1
1162 1377 1
1162 517 1
1162 840 1
1163 2699 1
1163 1164 1
1163 1519 1
1163 1829 1
1164 2539 1
1165 2292 1
1167 2407 1
1167 2528 1
1168 1793 1
1169 1529 1
1169 1827 1
1169 1829 1
1170 1078 1
1171 2394 1
1172 2538 1
1172 1830 1
1173 2394 1
1173 2407 1
1173 1793 1
1173 1795 1
1175 2151 1
1175 1174 1
1175 1200 1
1176 1063 1
1176 1155 1
1178 1177 1
1178 1819 1
1181 1329 1
1182 2092 1
1182 2149 1
1183 2405 1
1183 2487 1
1183 1185 1
1183 1657 1
1184 2405 1
1184 2487 1
1184 1183 1
1184 1185 1
1184 1657 1
1185 2405 1
1186 2093 1
1186 113 1
1187 2094 1
1188 2094 1
1188 1189 1
1189 2094 1
1190 2320 1
1190 1441 1
1191 2362 1
1191 2396 1
1191 2705 1
1191 984 1
1191 1230 1
1191 471 1
1191 1547 1
1192 2298 1
1192 2396 1
1192 1230 1
1192 472 1
1193 1290 1
1194 1553 1
1195 2096 1
1196 2370 1
1196 327 1
1196 1428 1
1196 1617 1
1196 1791 1
1197 2300 1
1198 2554 1
1198 9 1
1200 1174 1
1201 2127 1
1201 2413 1
1201 2625 1
1201 58 1
1201 14 1
1202 2661 1
1202 761 1
1203 585 1
1205 1718 1
1206 2168 1
1206 1483 1
1207 1483 1
1208 2195 1
1208 2283 1
1208 2692 1
1208 2693 1
1208 1065 1
1208 1279 1
1208 548 1
1208 1716 1
1208 1783 1
1209 2182 1
1210 2519 1
1210 1579 1
1210 887 1
1211 2119 1
1211 2415 1
1211 2416 1
1211 1673 1
1211 1674 1
1211 1675 1
1211 1866 1
1211 1897 1
1213 739 1
1214 602 1
1216 2157 1
1216 650 1
1217 2101 1
1218 2196 1
1218 2338 1
1218 2401 1
1218 1201 1
1218 1330 1
1218 1 1
1218 525 1
1218 1554 1
1218 1563 1
1218 1643 1
1218 674 1
1218 803 1
1218 14 1
1219 2399 1
1219 1218 1
1219 1330 1
1219 1 1
1219 1620 1
1219 1650 1
1223 2103 1
1224 2103 1
1227 2280 1
1227 492 1
1228 1199 1
1230 472 1
1231 2198 1
1231 1392 1
1232 2198 1
1232 1392 1
1232 1822 1
1233 2108 1
1234 1090 1
1236 2109 1
1237 2615 1
1237 1021 1
1239 361 1
1240 2110 1
1241 232 1
1241 1099 1
1242 2111 1
1242 2334 1
1242 1291 1
1242 1552 1
1243 2180 1
1244 2343 1
1245 2674 1
1246 2117 1
1246 2275 1
1247 2151 1
1247 2368 1
1247 2375 1
1247 1618 1
1247 877 1
1248 2169 1
1249 1250 1
1252 959 1
1253 2426 1
1253 2508 1
1253 2518 1
1253 2529 1
1253 2585 1
1253 1210 1
1253 1254 1
1253 1266 1
1253 51 1
1253 1578 1
1253 1579 1
1253 1814 1
1253 1815 1
1253 1816 1
1253 1817 1
1253 1844 1
1253 1871 1
1253 887 1
1254 2482 1
1254 2508 1
1254 2555 1
1254 1844 1
1255 2651 1
1255 2679 1
1255 1065 1
1256 2307 1
1256 2337 1
1257 384 1
1258 2512 1
1258 1257 1
1258 384 1
1259 2121 1
1260 233 1
1260 1679 1
1262 1261 1
1262 1263 1
1262 1810 1
1263 2706 1
1263 1261 1
1263 1262 1
1263 660 1
1263 1810 1
1264 2706 1
1264 1261 1
1264 1262 1
1264 1263 1
1264 660 1
1268 2241 1
1268 53 1
1269 53 1
1270 2335 1
1271 2302 1
1272 873 1
1273 1415 1
1275 2504 1
1275 2506 1
1275 2562 1
1275 2692 1
1275 2693 1
1275 1471 1
1275 1486 1
1275 1786 1
1275 1788 1
1275 740 1
1276 2123 1
1276 583 1
1276 1501 1
1276 1767 1
1277 2124 1
1278 2618 1
1278 1106 1
1279 2126 1
1282 1491 1
1283 2277 1
1285 2130 1
1285 952 1
1287 2131 1
1287 669 1
1288 2132 1
1288 2267 1
1288 1604 1
1288 1635 1
1289 2132 1
1290 1790 1
1291 2334 1
1291 1552 1
1292 935 1
1293 2134 1
1294 1921 1
1294 1196 1
1295 1647 1
1297 368 1
1298 2400 1
1299 923 1
1299 1481 1
1300 482 1
1301 2551 1
1301 2588 1
1301 973 1
1302 2141 1
1303 1124 1
1305 2144 1
1306 2144 1
1306 2434 1
1307 2145 1
1308 2146 1
1309 2148 1
1310 932 1
1310 2192 1
1311 2150 1
1312 2150 1
1313 2150 1
1313 2579 1
1313 824 1
1314 2434 1
1314 1075 1
1315 2151 1
1316 2152 1
1316 2212 1
1316 1317 1
1317 2152 1
1318 2621 1
1318 2668 1
1319 2193 1
1319 1778 1
1319 150 1
1320 2650 1
1321 973 1
1321 1347 1
1321 1393 1
1322 828 1
1323 773 1
1324 2651 1
1324 737 1
1326 1209 1
1326 698 1
1327 2158 1
1327 2634 1
1329 1181 1
1330 1218 1
1331 2160 1
1333 1667 1
1333 1871 1
1334 1667 1
1335 2162 1
1336 2163 1
1337 2630 1
1337 2631 1
1337 969 1
1337 1403 1
1338 969 1
1338 1892 1
1339 2164 1
1341 1340 1
1343 2480 1
1343 1141 1
1345 2293 1
1345 2427 1
1345 2428 1
1345 1461 1
1345 1503 1
1345 1690 1
1345 1691 1
1345 1692 1
1345 1693 1
1345 1755 1
1346 2286 1
1347 1809 1
1348 1809 1
1349 1350 1
1349 1863 1
1350 2354 1
1350 2663 1
1350 1863 1
1351 2354 1
1351 2663 1
1351 1350 1
1351 1863 1
1352 2168 1
1352 349 1
1353 603 1
1354 1588 1
1355 1356 1
1357 2306 1
1358 349 1
1359 1764 1
1365 2522 1
1365 451 1
1365 1447 1
1365 148 1
1366 2623 1
1367 2448 1
1367 1394 1
1367 543 1
1367 1712 1
1368 1340 1
1368 1819 1
1369 2470 1
1369 1325 1
1375 531 1
1376 1107 1
1379 2271 1
1381 2574 1
1381 2582 1
1382 2635 1
1383 2188 1
1384 2190 1
1385 2191 1
1387 2281 1
1390 1157 1
1390 371 1
1391 1496 1
1391 886 1
1392 2198 1
1393 2199 1
1393 1347 1
1394 1712 1
1395 930 1
1397 1887 1
1397 1892 1
1398 764 1
1399 2204 1
1399 1790 1
1400 54 1
1402 1516 1
1403 2630 1
1403 1337 1
1404 1184 1
1406 1189 1
1410 2216 1
1411 1414 1
1411 797 1
1412 1414 1
1413 1414 1
1413 797 1
1416 2219 1
1418 167 1
1419 2226 1
1419 1843 1
1420 455 1
1421 2634 1
1422 1454 1
1423 2584 1
1423 1698 1
1423 1887 1
1425 2230 1
1426 2231 1
1427 2232 1
1428 2396 1
1429 731 1
1430 680 1
1431 2238 1
1432 1328 1
1434 2242 1
1435 998 1
1436 920 1
1436 921 1
1437 2485 1
1443 2422 1
1445 1444 1
1445 1798 1
1446 2543 1
1446 2680 1
1448 2252 1
1448 2540 1
1449 2253 1
1451 2255 1
1452 677 1
1453 2256 1
1453 725 1
1454 1422 1
1455 1006 1
1456 2695 1
1457 2642 1
1461 1299 1
1463 2269 1
1464 994 1
1466 1426 1
1468 2540 1
1468 608 1
1469 604 1
1470 1910 1
1470 2484 1
1470 2579 1
1470 687 1
1474 994 1
1475 1983 1
1476 2502 1
1476 1780 1
1477 1779 1
1479 1737 1
1480 2687 1
1480 150 1
1482 1380 1
1484 1364 1
1485 1115 1
1487 2284 1
1488 2288 1
1489 2289 1
1490 2289 1
1491 2289 1
1492 2289 1
1492 1617 1
1494 720 1
1495 2372 1
1495 952 1
1499 2371 1
1499 1642 1
1502 2471 1
1502 2658 1
1502 2690 1
1503 2471 1
1503 2658 1
1503 2690 1
1503 1576 1
1503 1747 1
1503 1748 1
1503 1751 1
1503 1754 1
1503 1755 1
1504 2658 1
1504 488 1
1504 1749 1
1507 2303 1
1510 2308 1
1510 1557 1
1510 1570 1
1510 1862 1
1511 2310 1
1512 2311 1
1513 2313 1
1514 2314 1
1514 1515 1
1514 1516 1
1515 1518 1
1516 2314 1
1517 2314 1
1518 2315 1
1519 1512 1
1520 2515 1
1520 1794 1
1521 2320 1
1521 2588 1
1522 1831 1
1523 2697 1
1523 1522 1
1523 1768 1
1523 1828 1
1524 2322 1
1525 1526 1
1526 1525 1
1527 1595 1
1529 1768 1
1529 1828 1
1530 1545 1
1530 844 1
1532 1705 1
1533 1086 1
1534 1535 1
1534 1746 1
1535 1534 1
1536 2449 1
1537 1534 1
1537 1535 1
1538 1537 1
1539 1537 1
1539 1538 1
1540 1086 1
1540 1533 1
1541 2327 1
1541 1534 1
1541 1544 1
1542 2328 1
1542 1541 1
1542 1544 1
1543 2329 1
1543 2459 1
1543 1544 1
1544 2330 1
1545 1530 1
1546 2331 1
1546 685 1
1547 2396 1
1547 471 1
1549 59 1
1549 1550 1
1550 59 1
1551 2333 1
1552 2334 1
1554 2401 1
1554 2666 1
1555 1811 1
1556 2398 1
1556 2553 1
1556 2580 1
1556 1130 1
1556 1869 1
1557 1510 1
1557 1570 1
1557 1862 1
1559 1640 1
1560 1572 1
1560 1866 1
1563 955 1
1563 1590 1
1563 1623 1
1563 1639 1
1563 1652 1
1563 1653 1
1563 713 1
1563 859 1
1564 2489 1
1564 2579 1
1566 2403 1
1567 2371 1
1567 1642 1
1568 2682 1
1568 1639 1
1569 2401 1
1569 1342 1
1569 1554 1
1570 2339 1
1571 1572 1
1572 2340 1
1573 2342 1
1573 670 1
1575 2493 1
1576 2343 1
1577 1580 1
1578 1580 1
1579 2508 1
1579 1266 1
1579 1816 1
1579 1817 1
1579 885 1
1580 1578 1
1581 1577 1
1581 1578 1
1583 2346 1
1583 2348 1
1583 2677 1
1583 2678 1
1583 1582 1
1583 1584 1
1585 2346 1
1585 2667 1
1585 1584 1
1586 2366 1
1586 2373 1
1588 1582 1
1588 1618 1
1588 1624 1
1588 1625 1
1589 1583 1
1590 2366 1
1590 2373 1
1590 1288 1
1590 1628 1
1590 1635 1
1591 2347 1
1592 2351 1
1592 2424 1
1593 2353 1
1594 2353 1
1595 1527 1
1597 1598 1
1599 2361 1
1599 1600 1
1600 2361 1
1601 2365 1
1602 2365 1
1603 1604 1
1603 1605 1
1604 1605 1
1605 1604 1
1606 2366 1
1606 2373 1
1606 1613 1
1607 2366 1
1607 2373 1
1608 2368 1
1609 2372 1
1611 1619 1
1612 2378 1
1612 1628 1
1612 1629 1
1614 1618 1
1615 1639 1
1616 1617 1
1618 2570 1
1618 1617 1
1621 831 1
1622 831 1
1623 2374 1
1624 1625 1
1625 1624 1
1629 2378 1
1629 2675 1
1630 2675 1
1630 1629 1
1632 2378 1
1633 2401 1
1633 1767 1
1634 2380 1
1636 2382 1
1637 2677 1
1637 2678 1
1646 2388 1
1646 2389 1
1646 2390 1
1649 2393 1
1650 2399 1
1652 1653 1
1652 748 1
1653 748 1
1655 2402 1
1655 2483 1
1656 2684 1
1657 2487 1
1657 1183 1
1658 2406 1
1659 1810 1
1660 2408 1
1661 2409 1
1662 2410 1
1663 2412 1
1663 2685 1
1663 1664 1
1663 1665 1
1664 2412 1
1664 1665 1
1665 2685 1
1666 1046 1
1666 1884 1
1667 1884 1
1668 1669 1
1670 2417 1
1670 1161 1
1671 1672 1
1673 1674 1
1673 1897 1
1676 2414 1
1677 1674 1
1678 2422 1
1679 2423 1
1680 1447 1
1680 1681 1
1682 1879 1
1683 551 1
1685 1686 1
1686 1685 1
1687 2425 1
1687 468 1
1687 552 1
1687 1682 1
1687 1683 1
1688 552 1
1688 1689 1
1688 1879 1
1689 2429 1
1690 1693 1
1691 1693 1
1692 2427 1
1697 1306 1
1698 2436 1
1698 2437 1
1699 2437 1
1699 1784 1
1699 1785 1
1700 2438 1
1701 2439 1
1701 2453 1
1701 296 1
1702 1734 1
1703 2441 1
1703 2451 1
1703 1721 1
1703 1722 1
1703 1726 1
1703 1741 1
1704 2442 1
1704 1728 1
1706 1703 1
1707 2443 1
1707 2451 1
1707 2460 1
1707 2462 1
1707 2466 1
1707 1704 1
1707 1714 1
1707 1715 1
1707 1733 1
1707 1738 1
1707 1741 1
1707 1743 1
1707 1744 1
1708 2444 1
1708 1709 1
1709 2444 1
1710 2445 1
1711 2446 1
1712 2448 1
1713 2451 1
1713 2452 1
1713 2461 1
1713 2462 1
1713 2465 1
1713 2466 1
1713 992 1
1713 296 1
1713 1707 1
1713 1714 1
1713 1715 1
1713 1721 1
1713 1727 1
1713 1730 1
1713 1739 1
1713 1741 1
1714 2462 1
1714 2465 1
1714 992 1
1714 296 1
1714 1713 1
1714 1721 1
1715 1713 1
1717 2687 1
1717 1716 1
1718 1720 1
1719 1718 1
1721 2451 1
1723 1732 1
1724 1732 1
1725 2452 1
1725 1730 1
1726 2453 1
1726 1722 1
1727 2453 1
1727 2463 1
1727 1728 1
1727 1729 1
1729 2463 1
1729 1728 1
1730 2460 1
1730 2461 1
1730 2465 1
1730 1715 1
1730 1739 1
1731 2457 1
1731 1732 1
1732 2688 1
1733 2460 1
1733 1743 1
1733 1744 1
1734 2458 1
1735 2458 1
1735 1734 1
1736 1732 1
1737 1739 1
1738 2460 1
1738 1729 1
1739 992 1
1741 151 1
1742 151 1
1743 1744 1
1744 1743 1
1745 2464 1
1747 2471 1
1747 2690 1
1747 1751 1
1750 2469 1
1750 2470 1
1750 2511 1
1750 1751 1
1751 2469 1
1751 1754 1
1752 2690 1
1755 1576 1
1756 2474 1
1756 1757 1
1757 2473 1
1757 2474 1
1757 1756 1
1757 1758 1
1758 2473 1
1758 1756 1
1759 1551 1
1760 2472 1
1761 2475 1
1762 2475 1
1762 977 1
1763 2475 1
1765 2478 1
1765 2481 1
1766 2479 1
1768 2538 1
1768 1172 1
1769 2532 1
1770 2488 1
1771 2490 1
1771 1772 1
1772 2490 1
1772 1771 1
1773 2494 1
1774 2495 1
1775 910 1
1776 2496 1
1778 2285 1
1779 1477 1
1780 2501 1
1781 2503 1
1781 2505 1
1781 2507 1
1781 2692 1
1781 2693 1
1782 2505 1
1783 111 1
1784 2505 1
1784 2692 1
1784 2693 1
1784 111 1
1784 1785 1
1785 2505 1
1785 2507 1
1785 111 1
1785 1784 1
1786 2509 1
1787 2509 1
1787 1786 1
1788 2509 1
1789 2514 1
1792 2514 1
1792 1789 1
1793 1795 1
1794 1795 1
1795 1793 1
1797 1796 1
1798 1444 1
1799 1445 1
1799 1798 1
1805 1331 1
1807 2521 1
1808 2522 1
1809 1347 1
1811 1555 1
1811 1813 1
1815 2529 1
1816 1266 1
1816 51 1
1816 1814 1
1816 1817 1
1820 2534 1
1821 2535 1
1824 2536 1
1825 1172 1
1826 2699 1
1826 2700 1
1826 1164 1
1826 1827 1
1826 1829 1
1827 1529 1
1827 1830 1
1828 2698 1
1828 2699 1
1828 1163 1
1828 1529 1
1828 1825 1
1832 2702 1
1833 2544 1
1833 1889 1
1834 2541 1
1835 2543 1
1836 1837 1
1839 2550 1
1839 1112 1
1840 1419 1
1840 1843 1
1841 1896 1
1842 2554 1
1842 2588 1
1842 2590 1
1843 1419 1
1844 2555 1
1845 2556 1
1846 2568 1
1846 2569 1
1846 1847 1
1846 1848 1
1846 1849 1
1846 1858 1
1847 1846 1
1847 1848 1
1847 1858 1
1848 1846 1
1848 1858 1
1849 1846 1
1850 2557 1
1851 2561 1
1853 2558 1
1853 2565 1
1853 2566 1
1854 2565 1
1854 2566 1
1855 2565 1
1855 2566 1
1855 2567 1
1856 2565 1
1856 2566 1
1856 2567 1
1856 1854 1
1858 2568 1
1859 2572 1
1862 1558 1
1864 2577 1
1865 1211 1
1866 1211 1
1867 1868 1
1870 2581 1
1871 2586 1
1872 329 1
1872 1874 1
1872 1877 1
1873 329 1
1873 1872 1
1873 1874 1
1873 1877 1
1874 329 1
1874 1877 1
1875 2587 1
1877 1875 1
1898 2708 1
