2642 3303
7 1 1
17 2 1
4 3 1
12 3 1
10 5 1
9 6 1
8 7 1
15 7 1
10 9 1
13 9 1
11 10 1
12 11 1
44 11 1
21 12 1
19 13 1
15 14 1
16 15 1
17 16 1
35 16 1
32 17 1
19 18 1
20 19 1
23 20 1
52 20 1
22 21 1
24 21 1
40 22 1
45 23 1
32 24 1
26 25 1
27 26 1
29 26 1
30 27 1
31 27 1
29 28 1
36 28 1
30 29 1
37 30 1
38 31 1
35 32 1
42 32 1
34 33 1
35 33 1
41 33 1
43 35 1
39 36 1
39 37 1
39 38 1
45 38 1
48 39 1
72 40 1
47 41 1
53 42 1
55 43 1
57 44 1
50 45 1
47 46 1
61 47 1
49 48 1
51 48 1
86 49 1
51 50 1
65 50 1
121 51 1
129 52 1
54 53 1
71 53 1
55 54 1
56 55 1
60 55 1
63 56 1
58 57 1
70 57 1
82 58 1
67 59 1
62 60 1
63 60 1
63 61 1
64 61 1
66 62 1
68 62 1
69 63 1
120 65 1
125 65 1
79 66 1
88 67 1
98 67 1
90 68 1
93 69 1
81 70 1
75 71 1
74 72 1
182 73 1
76 74 1
79 75 1
77 76 1
78 77 1
83 77 1
81 78 1
83 79 1
81 80 1
82 80 1
89 81 1
95 82 1
84 83 1
85 83 1
96 84 1
94 85 1
88 86 1
147 87 1
109 88 1
91 89 1
92 90 1
93 90 1
158 90 1
96 91 1
99 91 1
94 92 1
103 93 1
96 94 1
101 94 1
131 95 1
100 96 1
102 97 1
119 98 1
142 99 1
153 100 1
124 101 1
116 102 1
147 102 1
104 103 1
105 104 1
106 104 1
107 104 1
115 105 1
108 107 1
110 108 1
111 108 1
136 109 1
137 109 1
113 110 1
114 110 1
114 112 1
115 113 1
117 114 1
156 115 1
168 117 1
119 118 1
155 118 1
191 118 1
154 119 1
123 120 1
122 121 1
141 122 1
126 123 1
143 124 1
150 124 1
130 125 1
140 125 1
130 126 1
144 126 1
129 127 1
133 127 1
188 127 1
129 128 1
132 128 1
146 130 1
133 131 1
140 132 1
216 133 1
135 134 1
136 134 1
141 135 1
137 136 1
219 136 1
138 137 1
139 138 1
199 138 1
164 139 1
145 140 1
151 141 1
152 142 1
160 143 1
148 144 1
159 145 1
271 146 1
183 147 1
149 148 1
197 148 1
151 149 1
198 149 1
153 150 1
178 150 1
266 151 1
153 152 1
165 152 1
172 153 1
190 154 1
164 155 1
191 155 1
158 156 1
162 156 1
187 157 1
252 157 1
163 158 1
188 159 1
161 160 1
169 160 1
163 161 1
163 162 1
167 162 1
166 163 1
194 164 1
170 165 1
167 166 1
174 166 1
175 167 1
171 168 1
175 168 1
195 168 1
173 169 1
180 169 1
193 170 1
189 172 1
176 173 1
180 174 1
185 175 1
177 176 1
179 177 1
181 178 1
181 179 1
186 180 1
189 181 1
202 181 1
184 182 1
184 183 1
200 184 1
195 185 1
202 186 1
223 186 1
200 187 1
196 188 1
210 189 1
224 189 1
252 190 1
333 190 1
194 191 1
206 191 1
193 192 1
209 192 1
213 193 1
199 194 1
225 195 1
220 196 1
227 196 1
198 197 1
273 197 1
287 198 1
201 199 1
242 200 1
203 201 1
204 201 1
222 202 1
208 203 1
207 204 1
206 205 1
231 205 1
265 205 1
265 206 1
208 207 1
214 207 1
217 208 1
211 209 1
213 209 1
212 210 1
216 211 1
213 212 1
280 213 1
215 214 1
217 214 1
238 215 1
218 216 1
221 217 1
226 218 1
234 219 1
233 220 1
230 221 1
235 221 1
275 222 1
281 223 1
274 224 1
268 225 1
228 226 1
232 226 1
229 227 1
229 228 1
232 229 1
233 229 1
231 230 1
243 231 1
246 232 1
245 233 1
236 234 1
237 234 1
244 235 1
237 236 1
240 236 1
239 237 1
239 238 1
241 238 1
251 240 1
253 241 1
269 242 1
244 243 1
260 244 1
247 245 1
248 245 1
249 246 1
249 247 1
250 248 1
250 249 1
254 249 1
255 250 1
256 251 1
257 251 1
269 252 1
259 253 1
294 254 1
264 255 1
257 256 1
261 256 1
258 257 1
262 258 1
285 258 1
260 259 1
261 259 1
345 260 1
266 262 1
264 263 1
270 263 1
317 263 1
320 265 1
272 266 1
268 267 1
283 268 1
333 269 1
278 270 1
328 270 1
273 271 1
278 271 1
292 272 1
324 272 1
279 273 1
276 274 1
277 274 1
304 274 1
277 275 1
282 275 1
280 276 1
286 279 1
288 279 1
291 280 1
282 281 1
283 281 1
302 281 1
305 282 1
284 283 1
301 284 1
350 285 1
288 286 1
290 286 1
293 287 1
289 288 1
306 289 1
293 290 1
300 291 1
296 292 1
295 293 1
298 294 1
300 294 1
296 295 1
299 295 1
297 296 1
324 297 1
316 298 1
336 298 1
330 299 1
318 300 1
302 301 1
315 301 1
305 302 1
313 302 1
304 303 1
305 303 1
309 304 1
312 304 1
314 305 1
326 306 1
308 307 1
319 307 1
311 308 1
310 309 1
311 310 1
321 312 1
360 313 1
358 314 1
355 315 1
317 316 1
322 317 1
319 318 1
351 318 1
372 320 1
323 321 1
400 321 1
327 322 1
334 322 1
331 324 1
332 324 1
326 325 1
329 325 1
415 325 1
344 326 1
328 327 1
399 327 1
329 328 1
381 329 1
341 330 1
338 331 1
335 332 1
347 333 1
336 334 1
337 335 1
338 335 1
339 336 1
350 337 1
340 338 1
351 339 1
375 339 1
341 340 1
470 340 1
344 341 1
469 341 1
343 342 1
354 342 1
346 345 1
376 345 1
391 346 1
356 347 1
349 348 1
353 350 1
352 351 1
374 351 1
354 352 1
391 353 1
432 353 1
404 354 1
364 355 1
395 356 1
363 357 1
359 358 1
360 358 1
522 358 1
402 359 1
361 360 1
492 360 1
362 361 1
380 361 1
364 362 1
365 363 1
367 363 1
365 364 1
367 365 1
367 366 1
368 367 1
369 368 1
379 368 1
371 370 1
376 370 1
372 371 1
373 372 1
418 372 1
418 373 1
375 374 1
410 374 1
413 375 1
377 376 1
378 376 1
392 377 1
393 378 1
385 379 1
389 380 1
399 381 1
464 381 1
383 382 1
385 383 1
386 384 1
387 384 1
387 385 1
396 385 1
389 386 1
391 388 1
394 388 1
420 388 1
390 389 1
494 390 1
434 391 1
393 392 1
397 392 1
394 393 1
409 395 1
401 396 1
407 397 1
407 398 1
406 399 1
403 400 1
412 401 1
405 402 1
404 403 1
405 403 1
408 405 1
426 405 1
416 406 1
464 406 1
411 407 1
465 408 1
422 409 1
442 410 1
419 411 1
433 411 1
417 412 1
521 412 1
414 413 1
416 414 1
595 414 1
458 415 1
419 418 1
423 419 1
424 420 1
422 421 1
425 421 1
427 422 1
425 423 1
436 424 1
456 424 1
428 425 1
463 426 1
428 427 1
429 428 1
430 429 1
435 430 1
439 431 1
495 432 1
435 433 1
462 434 1
437 435 1
438 435 1
467 436 1
440 437 1
446 438 1
441 439 1
441 440 1
443 441 1
445 442 1
535 442 1
444 443 1
463 445 1
447 446 1
448 447 1
449 447 1
453 448 1
459 449 1
458 450 1
505 450 1
452 451 1
455 451 1
453 452 1
454 452 1
504 454 1
457 455 1
457 456 1
460 457 1
548 458 1
461 460 1
468 461 1
478 462 1
488 462 1
466 463 1
514 464 1
524 465 1
525 466 1
471 467 1
471 468 1
470 469 1
537 469 1
536 470 1
472 471 1
474 471 1
475 472 1
476 473 1
477 473 1
485 474 1
477 475 1
478 476 1
479 477 1
480 478 1
481 479 1
483 480 1
482 481 1
483 482 1
484 483 1
486 483 1
489 484 1
500 485 1
487 486 1
493 487 1
490 488 1
490 489 1
491 490 1
498 491 1
497 492 1
507 493 1
497 494 1
503 495 1
530 495 1
559 495 1
499 496 1
503 496 1
501 497 1
502 497 1
506 498 1
507 499 1
504 500 1
508 501 1
517 502 1
510 503 1
527 504 1
557 505 1
511 506 1
512 507 1
520 508 1
525 509 1
511 510 1
512 511 1
516 511 1
523 513 1
527 513 1
589 514 1
522 515 1
524 515 1
558 516 1
518 517 1
521 517 1
532 517 1
520 518 1
520 519 1
522 519 1
529 520 1
534 521 1
540 524 1
539 525 1
527 526 1
576 528 1
533 529 1
538 530 1
535 531 1
624 532 1
542 533 1
617 534 1
567 535 1
537 536 1
538 536 1
549 537 1
565 538 1
546 539 1
552 539 1
541 540 1
543 540 1
546 541 1
596 541 1
545 542 1
544 543 1
545 544 1
547 545 1
574 546 1
553 547 1
554 548 1
550 549 1
551 549 1
594 550 1
604 550 1
556 551 1
564 552 1
577 552 1
593 553 1
555 554 1
556 554 1
579 555 1
592 556 1
578 557 1
562 558 1
560 559 1
566 559 1
561 560 1
572 560 1
562 561 1
563 562 1
569 563 1
567 564 1
566 565 1
639 565 1
570 567 1
581 567 1
570 568 1
577 568 1
571 569 1
580 570 1
572 571 1
573 571 1
575 573 1
610 574 1
626 574 1
649 575 1
653 576 1
606 577 1
582 578 1
582 579 1
608 580 1
584 581 1
583 582 1
591 582 1
586 583 1
587 583 1
585 584 1
602 585 1
608 585 1
589 586 1
588 587 1
609 587 1
591 588 1
598 589 1
591 590 1
592 590 1
659 591 1
614 592 1
600 593 1
604 594 1
611 594 1
597 595 1
598 595 1
601 596 1
599 597 1
602 599 1
679 599 1
601 600 1
605 600 1
603 601 1
612 603 1
636 604 1
613 605 1
607 606 1
610 606 1
660 606 1
608 607 1
735 608 1
658 609 1
626 610 1
614 611 1
622 612 1
615 613 1
638 614 1
620 615 1
617 616 1
623 617 1
620 618 1
622 618 1
620 619 1
625 619 1
621 620 1
628 621 1
629 622 1
624 623 1
633 623 1
625 624 1
627 626 1
673 626 1
629 627 1
630 628 1
631 629 1
637 629 1
634 630 1
635 631 1
633 632 1
648 633 1
635 634 1
643 635 1
641 636 1
642 637 1
670 638 1
640 639 1
644 639 1
657 639 1
652 640 1
644 641 1
661 641 1
645 642 1
645 643 1
646 645 1
647 645 1
672 646 1
671 647 1
685 648 1
690 648 1
650 649 1
651 650 1
653 650 1
654 650 1
652 651 1
656 652 1
655 654 1
662 655 1
663 656 1
668 657 1
683 658 1
693 659 1
665 660 1
674 660 1
667 661 1
670 661 1
664 662 1
664 663 1
666 664 1
696 666 1
668 667 1
669 667 1
760 668 1
708 669 1
682 670 1
691 671 1
687 672 1
675 673 1
755 674 1
676 675 1
677 676 1
686 677 1
680 678 1
680 679 1
706 679 1
683 680 1
707 680 1
682 681 1
693 681 1
726 682 1
704 683 1
685 684 1
690 685 1
695 685 1
689 686 1
689 687 1
690 688 1
691 688 1
692 689 1
694 690 1
716 691 1
698 692 1
724 693 1
746 694 1
764 695 1
702 696 1
701 697 1
705 698 1
700 699 1
736 699 1
702 700 1
702 701 1
703 702 1
728 703 1
709 704 1
712 704 1
711 705 1
707 706 1
719 706 1
712 707 1
714 708 1
717 709 1
711 710 1
718 710 1
715 711 1
713 712 1
720 712 1
717 713 1
723 714 1
765 715 1
718 716 1
756 716 1
721 717 1
729 719 1
734 720 1
722 721 1
727 722 1
785 723 1
725 724 1
742 724 1
726 725 1
795 726 1
738 727 1
731 728 1
730 729 1
734 729 1
733 730 1
736 731 1
740 731 1
733 732 1
735 732 1
754 733 1
737 734 1
743 734 1
757 735 1
748 736 1
738 737 1
739 738 1
741 738 1
742 739 1
801 740 1
744 741 1
786 742 1
747 743 1
745 744 1
749 745 1
750 746 1
749 747 1
753 748 1
791 748 1
751 749 1
752 750 1
787 751 1
788 752 1
760 753 1
796 754 1
758 755 1
781 756 1
782 756 1
761 757 1
797 757 1
759 758 1
767 758 1
762 759 1
769 760 1
762 761 1
776 762 1
764 763 1
790 764 1
771 765 1
768 766 1
780 766 1
768 767 1
770 767 1
783 769 1
822 769 1
772 770 1
773 771 1
773 772 1
774 773 1
775 773 1
779 774 1
812 775 1
778 776 1
778 777 1
784 777 1
779 778 1
781 780 1
782 781 1
789 781 1
788 782 1
808 782 1
785 783 1
821 783 1
799 784 1
794 785 1
816 786 1
813 787 1
792 788 1
809 788 1
807 789 1
793 790 1
862 790 1
810 791 1
793 792 1
881 793 1
806 794 1
806 795 1
815 795 1
798 796 1
814 797 1
814 798 1
827 799 1
803 800 1
804 801 1
804 802 1
811 802 1
804 803 1
805 804 1
824 805 1
815 806 1
825 806 1
839 807 1
855 808 1
861 809 1
811 810 1
823 810 1
839 812 1
819 813 1
844 813 1
826 814 1
825 815 1
829 815 1
817 816 1
840 816 1
818 817 1
887 817 1
888 818 1
820 819 1
842 820 1
845 820 1
874 821 1
834 822 1
834 823 1
941 824 1
865 825 1
828 826 1
828 827 1
830 828 1
831 828 1
840 829 1
835 830 1
832 831 1
833 832 1
962 832 1
843 833 1
876 834 1
836 835 1
837 836 1
838 836 1
871 837 1
971 838 1
841 839 1
843 839 1
869 840 1
880 840 1
843 841 1
851 841 1
849 842 1
948 843 1
846 844 1
854 845 1
909 845 1
847 846 1
848 846 1
907 847 1
860 848 1
853 849 1
864 849 1
851 850 1
852 850 1
975 851 1
855 852 1
854 853 1
868 854 1
911 854 1
856 855 1
867 855 1
903 856 1
858 857 1
859 858 1
862 859 1
863 860 1
873 860 1
867 861 1
877 862 1
864 863 1
866 864 1
891 865 1
895 865 1
878 866 1
914 866 1
879 867 1
914 868 1
870 869 1
880 869 1
921 869 1
892 870 1
883 871 1
874 872 1
895 872 1
875 873 1
897 874 1
968 874 1
878 875 1
882 876 1
886 876 1
901 877 1
884 879 1
893 879 1
887 880 1
901 881 1
889 882 1
885 883 1
904 883 1
900 884 1
903 884 1
909 885 1
899 886 1
890 887 1
894 888 1
898 889 1
910 890 1
892 891 1
895 891 1
905 891 1
905 892 1
902 893 1
906 895 1
898 896 1
939 896 1
899 897 1
899 898 1
931 898 1
933 899 1
912 900 1
902 901 1
1049 901 1
908 903 1
915 903 1
918 904 1
906 905 1
922 905 1
924 906 1
913 907 1
912 908 1
911 909 1
920 909 1
913 910 1
927 911 1
973 912 1
916 913 1
917 913 1
930 914 1
959 915 1
919 916 1
923 917 1
925 918 1
930 919 1
925 920 1
979 921 1
929 922 1
934 923 1
929 924 1
926 925 1
928 925 1
961 926 1
930 927 1
937 928 1
988 929 1
932 930 1
933 931 1
935 932 1
936 932 1
954 932 1
965 933 1
963 934 1
949 935 1
938 936 1
940 937 1
940 938 1
946 939 1
942 940 1
944 940 1
945 941 1
961 942 1
945 943 1
981 943 1
952 944 1
946 945 1
947 945 1
999 947 1
960 948 1
951 949 1
951 950 1
953 950 1
952 951 1
955 951 1
957 953 1
956 954 1
1023 955 1
957 956 1
958 957 1
969 958 1
972 959 1
962 960 1
974 960 1
993 961 1
1014 961 1
970 962 1
964 963 1
979 963 1
967 964 1
966 965 1
984 966 1
976 967 1
983 968 1
976 969 1
985 970 1
985 971 1
1024 972 1
1079 973 1
1007 974 1
1024 975 1
977 976 1
978 976 1
1083 977 1
1038 978 1
995 979 1
981 980 1
992 981 1
984 982 1
991 982 1
987 983 1
1008 983 1
1009 983 1
990 984 1
1022 984 1
986 985 1
993 986 1
991 987 1
1020 987 1
1034 988 1
990 989 1
994 989 1
1016 991 1
1017 992 1
1054 992 1
997 993 1
1011 993 1
998 994 1
1006 994 1
1005 995 1
1029 995 1
1007 996 1
1025 996 1
1061 997 1
1000 998 1
1001 999 1
1001 1000 1
1002 1001 1
1003 1001 1
1053 1002 1
1052 1003 1
1005 1004 1
1031 1004 1
1029 1005 1
1010 1006 1
1061 1007 1
1144 1007 1
1009 1008 1
1037 1008 1
1020 1009 1
1044 1009 1
1035 1010 1
1015 1011 1
1013 1012 1
1027 1012 1
1015 1013 1
1027 1014 1
1204 1015 1
1019 1016 1
1021 1016 1
1018 1017 1
1055 1017 1
1022 1019 1
1021 1020 1
1043 1020 1
1047 1021 1
1149 1022 1
1026 1023 1
1048 1023 1
1076 1023 1
1025 1024 1
1028 1024 1
1188 1025 1
1027 1026 1
1079 1028 1
1213 1028 1
1030 1029 1
1032 1030 1
1033 1031 1
1036 1032 1
1057 1032 1
1062 1033 1
1039 1034 1
1062 1034 1
1073 1035 1
1045 1036 1
1042 1037 1
1045 1038 1
1040 1039 1
1042 1040 1
1046 1041 1
1059 1041 1
1089 1043 1
1140 1044 1
1051 1045 1
1056 1045 1
1049 1046 1
1063 1046 1
1089 1047 1
1087 1048 1
1050 1049 1
1063 1049 1
1079 1050 1
1066 1051 1
1060 1052 1
1065 1053 1
1064 1054 1
1097 1055 1
1141 1056 1
1058 1057 1
1071 1057 1
1068 1058 1
1069 1060 1
1144 1061 1
1072 1062 1
1102 1062 1
1095 1063 1
1070 1064 1
1070 1065 1
1068 1066 1
1069 1067 1
1070 1067 1
1078 1068 1
1077 1069 1
1094 1070 1
1081 1071 1
1110 1071 1
1081 1072 1
1074 1073 1
1075 1074 1
1133 1074 1
1082 1075 1
1307 1076 1
1080 1077 1
1111 1078 1
1132 1079 1
1085 1080 1
1118 1081 1
1084 1082 1
1090 1083 1
1109 1083 1
1085 1084 1
1086 1085 1
1088 1086 1
1090 1087 1
1312 1087 1
1096 1088 1
1142 1089 1
1109 1090 1
1092 1091 1
1093 1091 1
1101 1092 1
1094 1093 1
1099 1094 1
1107 1095 1
1120 1095 1
1100 1096 1
1098 1097 1
1145 1097 1
1101 1098 1
1157 1098 1
1103 1099 1
1153 1099 1
1106 1100 1
1154 1101 1
1104 1102 1
1105 1103 1
1140 1104 1
1106 1105 1
1108 1106 1
1203 1107 1
1117 1108 1
1165 1109 1
1356 1109 1
1112 1110 1
1112 1111 1
1113 1112 1
1115 1112 1
1114 1113 1
1115 1113 1
1134 1114 1
1116 1115 1
1121 1116 1
1122 1117 1
1131 1118 1
1135 1119 1
1137 1119 1
1132 1120 1
1124 1121 1
1123 1122 1
1127 1123 1
1138 1123 1
1125 1124 1
1126 1124 1
1129 1125 1
1128 1126 1
1159 1127 1
1134 1128 1
1139 1128 1
1150 1129 1
1131 1130 1
1143 1130 1
1135 1131 1
1147 1131 1
1151 1132 1
1152 1133 1
1175 1134 1
1200 1134 1
1136 1135 1
1182 1135 1
1137 1136 1
1161 1137 1
1184 1138 1
1143 1139 1
1142 1140 1
1163 1140 1
1168 1141 1
1148 1142 1
1155 1143 1
1195 1144 1
1157 1145 1
1166 1145 1
1167 1146 1
1156 1147 1
1149 1148 1
1219 1148 1
1152 1149 1
1225 1149 1
1156 1150 1
1199 1151 1
1211 1151 1
1158 1152 1
1170 1152 1
1154 1153 1
1197 1153 1
1157 1154 1
1226 1154 1
1179 1155 1
1207 1155 1
1160 1156 1
1162 1156 1
1193 1158 1
1172 1159 1
1180 1160 1
1164 1161 1
1167 1161 1
1169 1162 1
1164 1163 1
1251 1164 1
1171 1165 1
1198 1166 1
1218 1166 1
1214 1167 1
1171 1168 1
1179 1169 1
1181 1169 1
1174 1170 1
1176 1171 1
1178 1171 1
1173 1172 1
1174 1173 1
1177 1174 1
1176 1175 1
1183 1176 1
1243 1177 1
1183 1178 1
1186 1178 1
1187 1179 1
1206 1179 1
1185 1180 1
1182 1181 1
1187 1182 1
1210 1182 1
1201 1183 1
1189 1184 1
1194 1185 1
1212 1186 1
1215 1186 1
1202 1187 1
1233 1188 1
1190 1189 1
1192 1189 1
1196 1189 1
1191 1190 1
1197 1191 1
1193 1192 1
1217 1193 1
1208 1194 1
1205 1195 1
1238 1196 1
1248 1197 1
1218 1198 1
1226 1198 1
1209 1199 1
1207 1200 1
1298 1201 1
1228 1202 1
1209 1203 1
1224 1203 1
1216 1204 1
1223 1204 1
1241 1205 1
1253 1205 1
1207 1206 1
1229 1206 1
1230 1207 1
1231 1208 1
1311 1209 1
1220 1210 1
1270 1211 1
1350 1212 1
1272 1213 1
1220 1214 1
1349 1215 1
1221 1216 1
1537 1216 1
1245 1217 1
1319 1218 1
1225 1219 1
1232 1219 1
1255 1219 1
1249 1220 1
1241 1221 1
1224 1222 1
1239 1223 1
1415 1224 1
1242 1225 1
1255 1225 1
1234 1226 1
1228 1227 1
1229 1227 1
1235 1228 1
1230 1229 1
1283 1229 1
1281 1230 1
1237 1231 1
1254 1232 1
1256 1233 1
1268 1233 1
1236 1234 1
1315 1234 1
1237 1235 1
1260 1236 1
1302 1236 1
1240 1237 1
1250 1237 1
1244 1238 1
1258 1239 1
1273 1239 1
1249 1240 1
1253 1241 1
1267 1241 1
1264 1242 1
1259 1243 1
1246 1244 1
1257 1244 1
1246 1245 1
1248 1247 1
1252 1247 1
1275 1248 1
1251 1249 1
1276 1250 1
1254 1251 1
1299 1251 1
1262 1252 1
1256 1253 1
1287 1253 1
1324 1254 1
1329 1255 1
1268 1256 1
1303 1257 1
1307 1258 1
1265 1259 1
1261 1260 1
1262 1261 1
1263 1261 1
1274 1263 1
1265 1264 1
1266 1265 1
1285 1266 1
1286 1267 1
1269 1268 1
1280 1268 1
1272 1269 1
1271 1270 1
1277 1270 1
1495 1270 1
1272 1271 1
1445 1271 1
1437 1273 1
1278 1274 1
1284 1275 1
1288 1276 1
1311 1277 1
1279 1278 1
1284 1278 1
1302 1279 1
1322 1279 1
1293 1280 1
1282 1281 1
1283 1281 1
1346 1281 1
1297 1282 1
1295 1283 1
1347 1283 1
1317 1284 1
1294 1285 1
1289 1286 1
1289 1287 1
1290 1288 1
1305 1288 1
1291 1289 1
1542 1289 1
1304 1290 1
1292 1291 1
1293 1292 1
1405 1293 1
1296 1294 1
1300 1294 1
1335 1295 1
1316 1296 1
1301 1297 1
1313 1297 1
1301 1298 1
1306 1299 1
1327 1300 1
1313 1301 1
1315 1302 1
1358 1302 1
1318 1303 1
1306 1304 1
1325 1305 1
1308 1306 1
1314 1306 1
1310 1307 1
1326 1308 1
1310 1309 1
1312 1309 1
1439 1310 1
1410 1311 1
1356 1312 1
1344 1313 1
1368 1313 1
1435 1314 1
1321 1315 1
1360 1315 1
1318 1317 1
1323 1318 1
1320 1319 1
1321 1320 1
1363 1320 1
1361 1322 1
1370 1323 1
1331 1324 1
1342 1325 1
1332 1326 1
1340 1327 1
1330 1328 1
1332 1328 1
1337 1329 1
1331 1330 1
1333 1331 1
1338 1331 1
1352 1332 1
1334 1333 1
1336 1334 1
1342 1335 1
1337 1336 1
1339 1337 1
1434 1338 1
1348 1339 1
1341 1340 1
1343 1340 1
1351 1340 1
1372 1341 1
1354 1342 1
1348 1343 1
1346 1344 1
1346 1345 1
1353 1345 1
1359 1346 1
1369 1347 1
1350 1349 1
1383 1349 1
1355 1350 1
1441 1350 1
1402 1351 1
1432 1352 1
1364 1353 1
1401 1354 1
1356 1355 1
1440 1355 1
1360 1357 1
1363 1357 1
1360 1358 1
1361 1358 1
1373 1358 1
1366 1359 1
1379 1360 1
1363 1362 1
1371 1363 1
1365 1364 1
1369 1365 1
1367 1366 1
1368 1367 1
1394 1368 1
1404 1369 1
1374 1370 1
1377 1371 1
1385 1371 1
1386 1372 1
1380 1373 1
1375 1374 1
1376 1374 1
1384 1375 1
1381 1376 1
1382 1377 1
1396 1377 1
1380 1378 1
1388 1378 1
1380 1379 1
1382 1379 1
1386 1381 1
1421 1382 1
1389 1383 1
1387 1384 1
1398 1385 1
1426 1385 1
1391 1386 1
1390 1387 1
1390 1388 1
1394 1389 1
1430 1389 1
1392 1390 1
1393 1390 1
1403 1391 1
1397 1392 1
1395 1393 1
1409 1394 1
1504 1395 1
1400 1396 1
1408 1397 1
1399 1398 1
1400 1399 1
1480 1399 1
1421 1400 1
1406 1401 1
1412 1402 1
1407 1403 1
1406 1404 1
1513 1405 1
1417 1406 1
1423 1406 1
1408 1407 1
1414 1407 1
1420 1407 1
1416 1409 1
1415 1410 1
1540 1410 1
1412 1411 1
1414 1411 1
1413 1412 1
1419 1413 1
1418 1415 1
1425 1416 1
1427 1416 1
1435 1417 1
1422 1418 1
1539 1418 1
1424 1419 1
1479 1419 1
1492 1420 1
1477 1421 1
1449 1423 1
1463 1424 1
1428 1425 1
1478 1426 1
1429 1427 1
1460 1427 1
1429 1428 1
1430 1428 1
1443 1428 1
1431 1430 1
1438 1431 1
1511 1431 1
1433 1432 1
1435 1432 1
1454 1432 1
1444 1434 1
1446 1435 1
1447 1436 1
1529 1437 1
1442 1438 1
1568 1439 1
1456 1440 1
1458 1441 1
1483 1442 1
1536 1443 1
1448 1444 1
1505 1445 1
1451 1446 1
1448 1447 1
1453 1448 1
1461 1448 1
1459 1449 1
1451 1450 1
1466 1450 1
1452 1451 1
1455 1451 1
1462 1452 1
1464 1453 1
1465 1454 1
1545 1455 1
1457 1456 1
1482 1456 1
1476 1457 1
1471 1458 1
1476 1458 1
1460 1459 1
1462 1459 1
1468 1459 1
1469 1461 1
1470 1463 1
1465 1464 1
1466 1465 1
1467 1465 1
1530 1467 1
1549 1468 1
1475 1469 1
1472 1470 1
1473 1470 1
1485 1470 1
1483 1471 1
1573 1471 1
1491 1472 1
1474 1473 1
1475 1474 1
1481 1475 1
1577 1476 1
1480 1477 1
1498 1477 1
1487 1478 1
1489 1479 1
1588 1481 1
1571 1482 1
1493 1483 1
1486 1484 1
1582 1485 1
1487 1486 1
1488 1487 1
1490 1487 1
1516 1488 1
1491 1489 1
1494 1489 1
1580 1490 1
1496 1492 1
1524 1493 1
1574 1493 1
1509 1494 1
1533 1495 1
1499 1496 1
1503 1496 1
1499 1497 1
1501 1497 1
1515 1498 1
1507 1499 1
1501 1500 1
1502 1500 1
1510 1500 1
1523 1502 1
1506 1503 1
1518 1504 1
1512 1505 1
1533 1505 1
1508 1506 1
1525 1507 1
1509 1508 1
1522 1508 1
1526 1510 1
1524 1511 1
1534 1511 1
1562 1511 1
1520 1512 1
1520 1513 1
1544 1513 1
1570 1513 1
1515 1514 1
1517 1514 1
1516 1515 1
1528 1515 1
1519 1517 1
1519 1518 1
1521 1518 1
1527 1518 1
1570 1520 1
1523 1521 1
1563 1522 1
1526 1525 1
1561 1525 1
1565 1525 1
1606 1526 1
1548 1527 1
1559 1528 1
1532 1529 1
1545 1530 1
1616 1530 1
1532 1531 1
1537 1531 1
1589 1532 1
1535 1533 1
1536 1534 1
1546 1535 1
1550 1535 1
1555 1536 1
1541 1537 1
1590 1537 1
1539 1538 1
1540 1539 1
1720 1539 1
1543 1540 1
1542 1541 1
1544 1542 1
1592 1542 1
1547 1543 1
1591 1543 1
1552 1545 1
1608 1545 1
1547 1546 1
1551 1548 1
1554 1549 1
1579 1550 1
1553 1551 1
1557 1551 1
1554 1552 1
1560 1553 1
1556 1554 1
1558 1554 1
1562 1555 1
1595 1556 1
1566 1557 1
1587 1558 1
1560 1559 1
1598 1559 1
1640 1561 1
1564 1562 1
1567 1563 1
1581 1564 1
1567 1565 1
1605 1566 1
1569 1567 1
1584 1568 1
1578 1569 1
1603 1570 1
1604 1570 1
1572 1571 1
1586 1571 1
1628 1571 1
1577 1572 1
1574 1573 1
1577 1573 1
1627 1573 1
1575 1574 1
1678 1574 1
1576 1575 1
1581 1576 1
1630 1577 1
1626 1578 1
1717 1579 1
1598 1580 1
1700 1580 1
1583 1581 1
1599 1581 1
1585 1582 1
1597 1582 1
1607 1583 1
1586 1584 1
1589 1584 1
1615 1584 1
1609 1585 1
1657 1585 1
1596 1587 1
1610 1588 1
1821 1590 1
1736 1591 1
1756 1592 1
1594 1593 1
1599 1593 1
1595 1594 1
1601 1596 1
1622 1596 1
1621 1597 1
1655 1597 1
1600 1598 1
1699 1598 1
1602 1600 1
1623 1601 1
1620 1602 1
1646 1602 1
1731 1603 1
1617 1604 1
1618 1605 1
1624 1606 1
1696 1607 1
1616 1608 1
1623 1608 1
1676 1608 1
1610 1609 1
1614 1610 1
1612 1611 1
1616 1611 1
1613 1612 1
1625 1612 1
1614 1613 1
1648 1615 1
1649 1615 1
1674 1616 1
1723 1617 1
1619 1618 1
1624 1618 1
1620 1619 1
1650 1620 1
1634 1621 1
1652 1622 1
1666 1623 1
1629 1624 1
1636 1624 1
1658 1625 1
1631 1626 1
1630 1627 1
1641 1627 1
1635 1628 1
1782 1628 1
1633 1629 1
1642 1630 1
1632 1631 1
1637 1631 1
1634 1632 1
1645 1633 1
1679 1634 1
1638 1635 1
1760 1636 1
1654 1637 1
1639 1638 1
1642 1639 1
1644 1640 1
1678 1641 1
1725 1641 1
1772 1642 1
1644 1643 1
1661 1643 1
1645 1644 1
1647 1644 1
1692 1646 1
1707 1647 1
1838 1648 1
1651 1649 1
1693 1650 1
1653 1651 1
1656 1652 1
1785 1653 1
1660 1654 1
1662 1655 1
1659 1656 1
1663 1656 1
1667 1657 1
1675 1658 1
1665 1659 1
1661 1660 1
1672 1660 1
1686 1660 1
1664 1662 1
1670 1662 1
1684 1663 1
1671 1664 1
1688 1665 1
1702 1666 1
1668 1667 1
1669 1667 1
1680 1667 1
1670 1668 1
1677 1669 1
1672 1671 1
1675 1673 1
1691 1673 1
1689 1674 1
1677 1675 1
1685 1675 1
1683 1676 1
1696 1678 1
1690 1679 1
1708 1680 1
1688 1681 1
1705 1681 1
1683 1682 1
1687 1682 1
1684 1683 1
1694 1683 1
1726 1685 1
1733 1686 1
1689 1687 1
1695 1688 1
1691 1689 1
1704 1690 1
1697 1692 1
1697 1693 1
1715 1694 1
1701 1695 1
1703 1695 1
1706 1696 1
1698 1697 1
1699 1698 1
1700 1699 1
1758 1699 1
1802 1700 1
1711 1701 1
1712 1702 1
1716 1703 1
1710 1704 1
1776 1704 1
1706 1705 1
1711 1705 1
1725 1706 1
1788 1706 1
1709 1707 1
1741 1708 1
1710 1709 1
1775 1710 1
1714 1711 1
1713 1712 1
1722 1713 1
1744 1713 1
1716 1714 1
1766 1714 1
1727 1715 1
1729 1715 1
1721 1716 1
1718 1717 1
1743 1717 1
1719 1718 1
1724 1718 1
1730 1719 1
1737 1720 1
1744 1721 1
1728 1722 1
1730 1723 1
1870 1724 1
1998 1724 1
1772 1725 1
1757 1726 1
1732 1727 1
1738 1728 1
1762 1728 1
1732 1729 1
1731 1730 1
1756 1731 1
1734 1732 1
1742 1733 1
1738 1734 1
1745 1734 1
1737 1735 1
1737 1736 1
1743 1736 1
1910 1736 1
1851 1737 1
1745 1738 1
1741 1739 1
1767 1739 1
1741 1740 1
1742 1740 1
1749 1741 1
1747 1742 1
1869 1743 1
1764 1744 1
1746 1745 1
1754 1745 1
1748 1746 1
1750 1746 1
1752 1747 1
1751 1748 1
1753 1748 1
1755 1749 1
1790 1750 1
1784 1751 1
1755 1752 1
1761 1753 1
1769 1753 1
1759 1754 1
1797 1754 1
1768 1755 1
1774 1755 1
1765 1756 1
1771 1757 1
1760 1758 1
1773 1759 1
1777 1760 1
1763 1761 1
1795 1761 1
1763 1762 1
1786 1762 1
1770 1763 1
1766 1764 1
1821 1765 1
1965 1765 1
1788 1766 1
1843 1766 1
1771 1767 1
1805 1768 1
1784 1769 1
1793 1770 1
1773 1771 1
1780 1771 1
1778 1772 1
1779 1772 1
1792 1774 1
1787 1775 1
1822 1776 1
1789 1777 1
1779 1778 1
1788 1778 1
1832 1778 1
1781 1779 1
1803 1780 1
1783 1781 1
1834 1781 1
1783 1782 1
1785 1782 1
1790 1784 1
1799 1784 1
1820 1785 1
1793 1786 1
1827 1786 1
1817 1787 1
1823 1787 1
1846 1788 1
1798 1789 1
1802 1789 1
1791 1790 1
1796 1791 1
1800 1791 1
1831 1792 1
1794 1793 1
1826 1793 1
1795 1794 1
1801 1795 1
1797 1796 1
1813 1797 1
1811 1798 1
1806 1799 1
1809 1800 1
1808 1801 1
1804 1802 1
1815 1803 1
1816 1805 1
1809 1806 1
1812 1806 1
1813 1807 1
1814 1807 1
1837 1807 1
1812 1808 1
1829 1808 1
1813 1809 1
1814 1810 1
1815 1810 1
1825 1811 1
1850 1813 1
1816 1815 1
1819 1815 1
1818 1816 1
1819 1816 1
1823 1817 1
1824 1817 1
1831 1818 1
1833 1819 1
1838 1820 1
1842 1820 1
1839 1821 1
2004 1821 1
1823 1822 1
1830 1822 1
1845 1823 1
1825 1824 1
1836 1825 1
1827 1826 1
1828 1826 1
1873 1826 1
1879 1827 1
1829 1828 1
1835 1829 1
1831 1830 1
1890 1831 1
1834 1832 1
1846 1832 1
1860 1833 1
1844 1834 1
1867 1835 1
1840 1836 1
1848 1836 1
1849 1837 1
1859 1837 1
1839 1838 1
1918 1838 1
1852 1840 1
1854 1840 1
1853 1841 1
1963 1842 1
1846 1843 1
1866 1843 1
1962 1844 1
1847 1845 1
1885 1845 1
1881 1846 1
1848 1847 1
1880 1847 1
1857 1849 1
1855 1850 1
1858 1850 1
1853 1851 1
1907 1851 1
1934 1852 1
1908 1853 1
1886 1854 1
1856 1855 1
1867 1855 1
1917 1856 1
1861 1857 1
1865 1858 1
1865 1859 1
1862 1860 1
1862 1861 1
1863 1862 1
1864 1862 1
1889 1863 1
1872 1864 1
1875 1865 1
1905 1865 1
1883 1866 1
1868 1867 1
1871 1867 1
1873 1868 1
1870 1869 1
1920 1870 1
1919 1871 1
1877 1872 1
1874 1873 1
1884 1874 1
1912 1874 1
1876 1875 1
1877 1876 1
1878 1877 1
1892 1878 1
1883 1879 1
1884 1879 1
1885 1880 1
1927 1880 1
1893 1881 1
1886 1882 1
1938 1882 1
1884 1883 1
1887 1883 1
1909 1884 1
1888 1885 1
1927 1885 1
1891 1886 1
1904 1887 1
1916 1887 1
1901 1888 1
1890 1889 1
1913 1889 1
1899 1890 1
1923 1891 1
1896 1892 1
1898 1893 1
1895 1894 1
1905 1894 1
1896 1895 1
1897 1896 1
1900 1896 1
1921 1897 1
1902 1898 1
1901 1899 1
1911 1899 1
1922 1900 1
1915 1901 1
1903 1902 1
1906 1903 1
1916 1904 1
1926 1904 1
1917 1905 1
1945 1905 1
1925 1906 1
1931 1907 1
2033 1908 1
1912 1909 1
1951 1909 1
2017 1910 1
1968 1911 1
1919 1912 1
1950 1912 1
1947 1913 1
1915 1914 1
1930 1914 1
1924 1915 1
1940 1916 1
1919 1917 1
1946 1917 1
1989 1918 1
1948 1919 1
2032 1920 1
1954 1921 1
1942 1922 1
1936 1923 1
1983 1924 1
1926 1925 1
1929 1925 1
1928 1926 1
1930 1927 1
1933 1927 1
1929 1928 1
1940 1928 1
1976 1929 1
1990 1929 1
1932 1930 1
1987 1930 1
2034 1931 1
1933 1932 1
1988 1932 1
1934 1933 1
1994 1933 1
1935 1934 1
1986 1934 1
1936 1935 1
1938 1936 1
1938 1937 1
1939 1937 1
1956 1939 1
1941 1940 1
1951 1941 1
1969 1941 1
1944 1942 1
1944 1943 1
1945 1943 1
1952 1944 1
1955 1944 1
1946 1945 1
1948 1946 1
1970 1946 1
1954 1947 1
1950 1948 1
1984 1948 1
2035 1949 1
1951 1950 1
1981 1951 1
1954 1952 1
1957 1953 1
1972 1954 1
1971 1955 1
1958 1956 1
1991 1956 1
1958 1957 1
1959 1957 1
1961 1957 1
1959 1958 1
1960 1959 1
2006 1960 1
2047 1961 1
1964 1962 1
2005 1962 1
1964 1963 1
1993 1963 1
2040 1964 1
1966 1965 1
2004 1965 1
2000 1966 1
1968 1967 1
1983 1967 1
2026 1967 1
1973 1968 1
1977 1969 1
1978 1969 1
1974 1970 1
1975 1970 1
2016 1971 1
1973 1972 1
1975 1972 1
1984 1974 1
2022 1974 1
1980 1976 1
1990 1976 1
1980 1977 1
1979 1978 1
1981 1979 1
1982 1981 1
2069 1981 1
1985 1982 1
1987 1983 1
2013 1983 1
1985 1984 1
2009 1986 1
1988 1987 1
2013 1987 1
1994 1988 1
2008 1988 1
1993 1989 1
2003 1989 1
1992 1990 1
2014 1990 1
2009 1991 1
2002 1992 1
2039 1993 1
2007 1994 1
1996 1995 1
1999 1995 1
1997 1996 1
2000 1997 1
1999 1998 1
2037 1999 1
2001 2000 1
2064 2001 1
2065 2001 1
2005 2002 1
2004 2003 1
2044 2004 1
2015 2005 1
2110 2006 1
2010 2007 1
2012 2008 1
2010 2009 1
2011 2009 1
2011 2010 1
2012 2010 1
2072 2011 1
2025 2012 1
2028 2013 1
2015 2014 1
2042 2015 1
2020 2016 1
2048 2017 1
2019 2018 1
2020 2018 1
2023 2019 1
2022 2020 1
2030 2020 1
2025 2021 1
2029 2021 1
2024 2023 1
2027 2024 1
2112 2025 1
2046 2026 1
2043 2027 1
2036 2028 1
2031 2029 1
2077 2030 1
2036 2031 1
2050 2032 1
2035 2033 1
2053 2033 1
2125 2033 1
2048 2034 1
2056 2035 1
2045 2036 1
2038 2037 1
2066 2037 1
2049 2038 1
2041 2039 1
2063 2040 1
2080 2041 1
2074 2042 1
2046 2043 1
2058 2044 1
2046 2045 1
2059 2045 1
2051 2047 1
2052 2048 1
2050 2049 1
2052 2050 1
2057 2050 1
2071 2051 1
2109 2051 1
2055 2052 1
2057 2052 1
2054 2053 1
2055 2054 1
2061 2055 1
2060 2057 1
2062 2057 1
2075 2058 1
2085 2059 1
2061 2060 1
2092 2061 1
2131 2062 1
2073 2063 1
2114 2063 1
2065 2064 1
2066 2064 1
2070 2065 1
2134 2066 1
2071 2067 1
2069 2068 1
2076 2068 1
2082 2069 1
2137 2069 1
2075 2070 1
2097 2071 1
2109 2071 1
2099 2072 1
2104 2072 1
2079 2073 1
2079 2074 1
2100 2075 1
2086 2076 1
2083 2077 1
2088 2078 1
2100 2078 1
2082 2079 1
2091 2079 1
2081 2080 1
2084 2080 1
2088 2081 1
2087 2083 1
2115 2084 1
2095 2085 1
2087 2086 1
2089 2087 1
2090 2087 1
2116 2088 1
2095 2089 1
2101 2090 1
2093 2091 1
2096 2091 1
2129 2092 1
2130 2092 1
2094 2093 1
2098 2093 1
2114 2094 1
2102 2095 1
2133 2096 1
2161 2097 1
2185 2097 1
2142 2098 1
2104 2099 1
2113 2099 1
2150 2099 1
2135 2100 1
2199 2100 1
2105 2101 1
2103 2102 1
2106 2102 1
2105 2103 1
2110 2104 1
2107 2105 1
2108 2105 1
2117 2106 1
2136 2107 1
2120 2108 1
2121 2109 1
2160 2109 1
2111 2110 1
2123 2111 1
2113 2112 1
2118 2113 1
2115 2114 1
2119 2114 1
2119 2115 1
2124 2116 1
2118 2117 1
2146 2118 1
2141 2119 1
2168 2119 1
2153 2120 1
2123 2121 1
2125 2122 1
2159 2123 1
2127 2124 1
2201 2124 1
2126 2125 1
2128 2126 1
2143 2126 1
2162 2127 1
2130 2128 1
2130 2129 1
2131 2129 1
2149 2129 1
2138 2130 1
2132 2131 1
2152 2131 1
2134 2132 1
2140 2133 1
2135 2134 1
2158 2134 1
2137 2136 1
2151 2137 1
2157 2137 1
2148 2138 1
2145 2139 1
2187 2139 1
2166 2140 1
2162 2141 1
2144 2142 1
2276 2143 1
2147 2144 1
2154 2145 1
2155 2145 1
2247 2146 1
2163 2147 1
2277 2148 1
2280 2149 1
2268 2150 1
2156 2151 1
2227 2152 1
2203 2153 1
2157 2154 1
2198 2155 1
2204 2156 1
2251 2158 1
2173 2159 1
2182 2160 1
2230 2161 1
2188 2162 1
2164 2163 1
2167 2163 1
2169 2163 1
2165 2164 1
2166 2165 1
2170 2166 1
2171 2166 1
2172 2167 1
2169 2168 1
2180 2169 1
2177 2170 1
2179 2170 1
2175 2171 1
2176 2171 1
2174 2172 1
2180 2172 1
2182 2173 1
2210 2173 1
2175 2174 1
2181 2175 1
2186 2175 1
2177 2176 1
2190 2176 1
2178 2177 1
2191 2177 1
2179 2178 1
2187 2179 1
2184 2180 1
2183 2182 1
2228 2182 1
2185 2183 1
2186 2184 1
2202 2185 1
2188 2186 1
2194 2187 1
2189 2188 1
2192 2189 1
2191 2190 1
2195 2190 1
2195 2191 1
2279 2191 1
2193 2192 1
2197 2192 1
2226 2193 1
2340 2193 1
2198 2194 1
2196 2195 1
2197 2196 1
2321 2196 1
2218 2198 1
2320 2198 1
2200 2199 1
2250 2200 1
2232 2201 1
2278 2202 1
2205 2203 1
2223 2204 1
2206 2205 1
2207 2206 1
2208 2206 1
2211 2206 1
2209 2207 1
2216 2208 1
2213 2209 1
2222 2210 1
2212 2211 1
2214 2212 1
2220 2213 1
2215 2214 1
2219 2214 1
2216 2215 1
2217 2216 1
2237 2216 1
2224 2217 1
2231 2217 1
2223 2218 1
2229 2219 1
2221 2220 1
2225 2221 1
2235 2222 1
2254 2222 1
2225 2223 1
2243 2223 1
2236 2224 1
2244 2226 1
2255 2227 1
2288 2227 1
2238 2228 1
2233 2229 1
2245 2230 1
2240 2231 1
2244 2232 1
2249 2232 1
2241 2233 1
2262 2234 1
2238 2235 1
2259 2235 1
2240 2236 1
2248 2236 1
2239 2237 1
2242 2237 1
2261 2238 1
2269 2238 1
2241 2239 1
2242 2240 1
2352 2240 1
2246 2241 1
2338 2243 1
2291 2244 1
2253 2245 1
2262 2245 1
2355 2246 1
2248 2247 1
2256 2247 1
2250 2249 1
2252 2250 1
2289 2250 1
2252 2251 1
2255 2251 1
2354 2251 1
2295 2253 1
2258 2254 1
2259 2254 1
2275 2254 1
2257 2256 1
2268 2256 1
2336 2257 1
2263 2258 1
2264 2259 1
2272 2259 1
2261 2260 1
2264 2260 1
2265 2261 1
2266 2262 1
2267 2262 1
2268 2263 1
2265 2264 1
2274 2265 1
2322 2266 1
2298 2267 1
2270 2269 1
2274 2269 1
2271 2270 1
2278 2271 1
2274 2272 1
2281 2272 1
2293 2272 1
2284 2273 1
2293 2274 1
2281 2275 1
2277 2276 1
2283 2277 1
2295 2278 1
2300 2278 1
2320 2279 1
2286 2280 1
2283 2282 1
2285 2282 1
2383 2282 1
2284 2283 1
2375 2284 1
2286 2285 1
2287 2286 1
2288 2287 1
2379 2287 1
2356 2288 1
2290 2289 1
2296 2290 1
2297 2290 1
2292 2291 1
2296 2291 1
2345 2292 1
2294 2293 1
2324 2293 1
2307 2294 1
2297 2296 1
2314 2297 1
2388 2297 1
2299 2298 1
2315 2298 1
2325 2298 1
2302 2299 1
2306 2300 1
2302 2301 1
2327 2301 1
2303 2302 1
2316 2303 1
2306 2304 1
2308 2304 1
2306 2305 1
2309 2305 1
2310 2306 1
2311 2307 1
2311 2308 1
2317 2309 1
2335 2310 1
2312 2311 1
2313 2311 1
2348 2312 1
2335 2313 1
2354 2314 1
2318 2315 1
2318 2316 1
2318 2317 1
2319 2318 1
2400 2319 1
2341 2320 1
2334 2321 1
2347 2321 1
2330 2322 1
2324 2323 1
2333 2324 1
2328 2325 1
2329 2326 1
2330 2326 1
2328 2327 1
2329 2328 1
2331 2328 1
2332 2330 1
2399 2331 1
2365 2332 1
2339 2333 1
2342 2334 1
2391 2334 1
2374 2335 1
2337 2336 1
2358 2336 1
2382 2336 1
2339 2337 1
2341 2338 1
2353 2338 1
2386 2338 1
2346 2339 1
2344 2340 1
2347 2340 1
2343 2341 1
2343 2342 1
2389 2343 1
2345 2344 1
2394 2345 1
2349 2346 1
2392 2347 1
2349 2348 1
2350 2349 1
2351 2349 1
2404 2350 1
2370 2351 1
2357 2352 1
2361 2352 1
2359 2353 1
2363 2354 1
2360 2355 1
2364 2356 1
2393 2356 1
2358 2357 1
2369 2357 1
2360 2359 1
2361 2360 1
2362 2360 1
2385 2362 1
2364 2363 1
2372 2363 1
2367 2365 1
2368 2366 1
2368 2367 1
2371 2367 1
2384 2369 1
2374 2370 1
2403 2370 1
2398 2371 1
2387 2372 1
2390 2372 1
2395 2373 1
2396 2373 1
2376 2374 1
2378 2375 1
2598 2375 1
2397 2376 1
2378 2377 1
2380 2379 1
2543 2380 1
2382 2381 1
2466 2381 1
2557 2383 1
2427 2384 1
2436 2385 1
2432 2386 1
2548 2387 1
2482 2388 1
2418 2389 1
2405 2390 1
2418 2391 1
2417 2392 1
2538 2393 1
2448 2394 1
2401 2395 1
2409 2396 1
2401 2397 1
2402 2398 1
2415 2399 1
2409 2400 1
2440 2401 1
2406 2402 1
2422 2403 1
2419 2404 1
2420 2405 1
2555 2405 1
2407 2406 1
2408 2406 1
2413 2408 1
2410 2409 1
2411 2410 1
2507 2410 1
2412 2411 1
2619 2411 1
2415 2412 1
2416 2413 1
2624 2413 1
2415 2414 1
2416 2414 1
2556 2414 1
2556 2416 1
2418 2417 1
2501 2417 1
2428 2418 1
2508 2418 1
2424 2419 1
2540 2420 1
2422 2421 1
2425 2421 1
2423 2422 1
2433 2423 1
2425 2424 1
2426 2424 1
2475 2426 1
2429 2427 1
2430 2427 1
2479 2428 1
2446 2429 1
2447 2430 1
2435 2431 1
2438 2431 1
2438 2432 1
2434 2433 1
2615 2433 1
2440 2434 1
2437 2435 1
2445 2436 1
2439 2437 1
2442 2437 1
2441 2438 1
2444 2438 1
2443 2439 1
2507 2440 1
2483 2441 1
2536 2442 1
2445 2443 1
2496 2444 1
2449 2445 1
2459 2445 1
2450 2446 1
2455 2447 1
2451 2448 1
2503 2449 1
2452 2450 1
2456 2450 1
2463 2450 1
2460 2451 1
2453 2452 1
2455 2453 1
2455 2454 1
2467 2454 1
2462 2455 1
2478 2456 1
2458 2457 1
2460 2457 1
2471 2458 1
2465 2459 1
2461 2460 1
2464 2460 1
2497 2461 1
2489 2462 1
2492 2463 1
2534 2464 1
2480 2465 1
2477 2466 1
2468 2467 1
2470 2468 1
2472 2468 1
2473 2468 1
2470 2469 1
2476 2469 1
2474 2471 1
2499 2472 1
2537 2473 1
2494 2474 1
2477 2475 1
2477 2476 1
2481 2477 1
2487 2478 1
2491 2479 1
2484 2480 1
2485 2480 1
2622 2481 1
2500 2482 1
2542 2483 1
2524 2484 1
2505 2485 1
2487 2486 1
2492 2486 1
2502 2487 1
2491 2488 1
2495 2488 1
2490 2489 1
2493 2489 1
2498 2489 1
2498 2490 1
2499 2490 1
2496 2491 1
2506 2491 1
2493 2492 1
2498 2493 1
2514 2494 1
2519 2495 1
2500 2497 1
2537 2499 1
2504 2500 1
2509 2500 1
2513 2501 1
2511 2502 1
2510 2503 1
2531 2504 1
2523 2505 1
2525 2506 1
2614 2507 1
2527 2508 1
2532 2509 1
2515 2510 1
2517 2510 1
2516 2511 1
2513 2512 1
2528 2512 1
2514 2513 1
2529 2513 1
2516 2515 1
2526 2517 1
2520 2518 1
2524 2518 1
2527 2519 1
2523 2520 1
2532 2521 1
2534 2521 1
2525 2522 1
2576 2522 1
2526 2523 1
2530 2523 1
2536 2524 1
2541 2525 1
2528 2527 1
2551 2529 1
2587 2530 1
2547 2531 1
2544 2532 1
2535 2533 1
2551 2533 1
2535 2534 1
2611 2534 1
2539 2536 1
2639 2537 1
2560 2538 1
2542 2539 1
2594 2539 1
2549 2540 1
2542 2541 1
2585 2542 1
2550 2543 1
2545 2544 1
2626 2544 1
2546 2545 1
2548 2546 1
2558 2547 1
2554 2548 1
2559 2549 1
2552 2550 1
2553 2550 1
2576 2551 1
2574 2552 1
2575 2553 1
2561 2554 1
2567 2555 1
2610 2556 1
2562 2557 1
2561 2558 1
2569 2559 1
2572 2560 1
2565 2561 1
2580 2561 1
2563 2562 1
2564 2562 1
2581 2562 1
2606 2563 1
2575 2564 1
2568 2565 1
2567 2566 1
2570 2566 1
2568 2567 1
2583 2567 1
2579 2569 1
2578 2570 1
2572 2571 1
2574 2571 1
2573 2572 1
2582 2572 1
2577 2573 1
2636 2576 1
2579 2577 1
2579 2578 1
2584 2579 1
2595 2580 1
2634 2581 1
2586 2582 1
2591 2583 1
2586 2584 1
2642 2585 1
2589 2586 1
2588 2587 1
2590 2588 1
2592 2589 1
2609 2589 1
2597 2590 1
2593 2591 1
2595 2591 1
2617 2591 1
2593 2592 1
2596 2594 1
2632 2595 1
2597 2596 1
2599 2597 1
2607 2597 1
2603 2598 1
2640 2599 1
2601 2600 1
2603 2601 1
2603 2602 1
2604 2602 1
2605 2604 1
2606 2605 1
2608 2605 1
2641 2607 1
2612 2608 1
2613 2609 1
2618 2610 1
2629 2610 1
2628 2611 1
2637 2613 1
2638 2613 1
2616 2614 1
2620 2614 1
2616 2615 1
2621 2615 1
2630 2616 1
2623 2617 1
2627 2617 1
2619 2618 1
2620 2619 1
2631 2620 1
2622 2621 1
2633 2621 1
2625 2623 1
2635 2634 1
