3052 3881
1364 195 1
1364 810 1
1364 532 1
1364 1938 1
1364 653 1
1364 1592 1
1364 1325 1
1364 836 1
1364 608 1
1364 368 1
1364 472 1
1364 1137 1
1364 2214 1
1364 2640 1
1364 2751 1
1364 2484 1
1364 2626 1
1364 970 1
1364 332 1
1364 2801 1
1364 333 1
1364 2899 1
1364 33 1
1364 185 1
688 2241 1
688 697 1
688 785 1
688 2660 1
688 332 1
688 2325 1
688 2745 1
688 2128 1
688 904 1
688 506 1
688 1182 1
1956 1334 1
1730 2626 1
2171 33 1
2131 195 1
39 864 1
39 1314 1
39 1505 1
39 2663 1
39 641 1
39 1839 1
2183 2902 1
2183 1831 1
1017 225 1
1017 529 1
1017 533 1
1017 175 1
1017 1862 1
1017 52 1
1017 730 1
1017 1884 1
1017 351 1
1017 555 1
1017 2244 1
1017 1776 1
1017 2805 1
1017 290 1
1017 522 1
1017 2335 1
1017 138 1
1017 167 1
1017 34 1
1017 1189 1
1017 363 1
1017 1443 1
1017 1423 1
1017 863 1
1017 1337 1
1017 2999 1
1017 1704 1
1017 216 1
1017 470 1
195 1315 1
195 2386 1
2448 2797 1
2448 1681 1
2872 2783 1
1827 2486 1
1827 1240 1
1827 1443 1
1263 1722 1
1263 1445 1
1263 2940 1
1263 1741 1
2296 2360 1
2093 1315 1
2093 3050 1
2093 2404 1
2093 2439 1
2093 318 1
2093 1772 1
2093 826 1
2093 2616 1
2093 2675 1
2093 2309 1
2093 1310 1
926 2056 1
926 12 1
926 627 1
926 2044 1
554 2272 1
554 779 1
554 1839 1
1943 1788 1
1943 1239 1
1943 2749 1
1943 30 1
1943 2817 1
1943 1168 1
1943 475 1
1943 814 1
1943 891 1
1943 1065 1
1943 35 1
1943 1593 1
1943 121 1
1943 1379 1
1943 2993 1
1943 2006 1
1943 1316 1
1943 2494 1
1943 413 1
1943 994 1
1943 1411 1
1943 2529 1
1943 1703 1
1943 123 1
1943 2127 1
1943 941 1
1943 1860 1
1943 407 1
1943 2946 1
1943 2546 1
1943 2888 1
1943 2095 1
1943 2403 1
1943 637 1
1943 1167 1
1943 837 1
1943 2688 1
1943 2135 1
1943 1580 1
1943 2901 1
1943 2344 1
710 1059 1
710 2774 1
710 1246 1
710 2743 1
710 560 1
710 984 1
710 1294 1
710 2075 1
710 309 1
710 193 1
710 2257 1
710 243 1
710 382 1
710 900 1
710 2940 1
710 491 1
710 1630 1
710 1254 1
710 574 1
710 2322 1
710 358 1
1274 2137 1
1274 500 1
1274 2991 1
1251 1798 1
1251 850 1
384 1620 1
1514 2623 1
1514 361 1
1650 453 1
1650 1228 1
1650 2250 1
980 2682 1
980 120 1
980 2727 1
980 374 1
148 408 1
148 2680 1
148 1713 1
148 38 1
148 2712 1
148 1439 1
148 1257 1
148 389 1
148 266 1
148 3046 1
148 2836 1
148 365 1
148 1410 1
148 3044 1
148 2973 1
148 1925 1
148 1234 1
148 1562 1
148 1735 1
148 2201 1
148 604 1
148 319 1
148 2923 1
148 2655 1
148 2594 1
148 1954 1
148 471 1
148 1985 1
148 2139 1
148 2388 1
148 867 1
148 41 1
148 1839 1
148 2419 1
148 2372 1
148 737 1
148 1113 1
148 1207 1
148 628 1
148 2015 1
148 406 1
148 1881 1
148 1973 1
148 1301 1
148 837 1
148 345 1
148 1643 1
148 2510 1
148 519 1
148 2443 1
148 2823 1
2349 386 1
2349 2708 1
2349 1501 1
2349 2718 1
2349 2206 1
2349 2060 1
2349 1779 1
2349 1856 1
210 1956 1
210 1876 1
210 1923 1
210 1363 1
210 2670 1
210 93 1
210 2731 1
210 1146 1
210 2158 1
210 434 1
210 2622 1
210 2331 1
210 897 1
210 2297 1
210 2882 1
210 2434 1
210 2307 1
210 823 1
210 2050 1
210 2236 1
210 1589 1
210 2527 1
210 722 1
210 1007 1
210 1426 1
210 1665 1
210 1670 1
210 1154 1
210 1529 1
210 2898 1
210 556 1
210 856 1
210 1262 1
210 288 1
210 1471 1
2832 34 1
430 2156 1
430 634 1
430 318 1
2974 2106 1
991 1857 1
991 1543 1
991 2939 1
533 2274 1
533 17 1
533 2386 1
533 2962 1
533 2126 1
533 2228 1
533 1742 1
533 1090 1
533 349 1
533 344 1
533 2165 1
533 949 1
82 699 1
2603 1930 1
2603 2586 1
2603 1115 1
1021 1517 1
1021 2927 1
1021 763 1
2357 461 1
2357 1214 1
2357 1519 1
53 348 1
53 1516 1
53 146 1
53 280 1
2032 605 1
2668 2661 1
2668 1195 1
2668 1844 1
2668 2184 1
2668 2828 1
2668 549 1
2668 1838 1
2668 489 1
2668 1809 1
2668 1740 1
2668 322 1
2668 2895 1
2668 1448 1
2668 332 1
2668 502 1
2668 2391 1
2668 1579 1
2668 361 1
2668 324 1
2668 2562 1
2668 2559 1
2668 2806 1
2668 1664 1
2668 293 1
1319 2818 1
463 2668 1
1647 1325 1
1647 3039 1
1647 1697 1
1647 549 1
1647 1809 1
1647 444 1
1647 2103 1
1647 2022 1
1647 781 1
1647 442 1
1647 1147 1
1647 663 1
1647 1161 1
1647 1997 1
1647 2465 1
1647 2814 1
1637 1820 1
1637 792 1
1637 49 1
1637 1620 1
1637 2542 1
1637 609 1
1637 23 1
1637 963 1
1637 2949 1
1637 1541 1
1325 1137 1
1325 2386 1
1325 185 1
1325 1687 1
2456 2041 1
2456 2642 1
2456 2619 1
2456 12 1
2456 1451 1
2456 2258 1
2456 2111 1
2456 1773 1
2456 742 1
2456 1699 1
2456 2026 1
2456 1803 1
2456 1725 1
2456 2058 1
2456 1982 1
2456 1717 1
2456 3010 1
2456 2479 1
2456 2678 1
2456 1625 1
2456 916 1
2456 487 1
2456 905 1
2961 2974 1
2961 368 1
2961 1942 1
2961 1217 1
2961 2270 1
2961 1312 1
2961 944 1
2961 2088 1
2961 2275 1
1571 709 1
1876 1627 1
1876 2801 1
1069 2661 1
1069 1213 1
1069 698 1
1069 2347 1
1069 126 1
1069 783 1
1069 646 1
1069 1321 1
1069 33 1
1069 185 1
1069 2477 1
1069 2099 1
1069 2378 1
1069 2789 1
2839 2587 1
2839 1620 1
1302 1235 1
1352 662 1
1352 1422 1
1352 2245 1
1352 2021 1
1352 2710 1
1352 1895 1
1352 1092 1
1352 81 1
1352 1853 1
1352 852 1
1352 423 1
1352 2570 1
1352 401 1
1352 660 1
1352 2119 1
1459 1401 1
1068 1137 1
1068 41 1
1503 1419 1
1503 327 1
1503 1960 1
1429 2551 1
1429 1640 1
1429 2920 1
1429 2324 1
1429 318 1
175 1869 1
175 2263 1
913 2612 1
421 698 1
421 2360 1
2210 2796 1
2210 614 1
2210 2401 1
2210 1122 1
2210 2269 1
2210 170 1
329 1069 1
1421 1760 1
1421 2801 1
1905 2302 1
1905 85 1
1905 727 1
1905 165 1
1905 1401 1
1905 807 1
1905 1197 1
1905 1760 1
1905 2386 1
1905 2670 1
1905 332 1
1905 2414 1
792 156 1
792 910 1
792 1566 1
792 442 1
792 2857 1
1031 2974 1
1031 1302 1
1031 1612 1
1031 1064 1
1031 2519 1
1031 277 1
1031 2581 1
1031 521 1
1031 2150 1
1031 168 1
1031 2653 1
1031 2360 1
2584 1935 1
1913 86 1
1913 2213 1
634 1263 1
634 2852 1
1993 2289 1
1993 1070 1
1993 1347 1
1993 440 1
1993 1493 1
2021 255 1
2021 849 1
2021 1645 1
2021 278 1
2021 1436 1
2021 1458 1
2021 2330 1
2021 1712 1
2021 2867 1
2785 94 1
2785 489 1
1288 1936 1
1288 4 1
2045 153 1
2045 489 1
2045 185 1
2045 2358 1
761 2302 1
761 605 1
761 1767 1
761 1064 1
761 1501 1
761 1620 1
761 1702 1
761 2444 1
761 2074 1
761 18 1
761 830 1
761 725 1
761 2003 1
761 832 1
761 383 1
761 1081 1
761 1062 1
761 1635 1
761 1290 1
761 1751 1
761 885 1
761 1138 1
761 1521 1
761 2624 1
2938 2886 1
2289 1510 1
747 1930 1
747 753 1
747 2263 1
747 2223 1
747 410 1
747 706 1
122 82 1
122 2260 1
7 2212 1
7 1670 1
2796 897 1
2796 2898 1
712 1930 1
712 563 1
712 2998 1
712 2164 1
712 2873 1
698 526 1
698 116 1
698 605 1
698 822 1
698 871 1
698 2129 1
698 2761 1
698 2255 1
2303 1876 1
2384 699 1
1770 499 1
1770 1361 1
1770 1401 1
1770 932 1
1770 2289 1
1770 2215 1
1770 2298 1
1770 974 1
1770 570 1
1770 2885 1
1770 1395 1
1770 2445 1
1770 2331 1
1770 1220 1
1770 732 1
1770 2727 1
1770 1427 1
1770 2980 1
1770 450 1
1770 302 1
1770 896 1
1770 2470 1
1770 619 1
1770 2489 1
1187 2971 1
937 2494 1
961 857 1
961 2979 1
961 89 1
961 684 1
961 1094 1
961 700 1
961 576 1
961 1081 1
961 2763 1
961 249 1
219 1137 1
438 428 1
1103 146 1
1103 332 1
1103 1655 1
1071 2767 1
1071 1636 1
1071 2771 1
1760 2349 1
1760 854 1
1760 1541 1
115 2832 1
115 814 1
115 292 1
115 33 1
150 2156 1
150 1089 1
150 1311 1
150 1435 1
1089 1421 1
1089 1365 1
1089 2626 1
2386 195 1
2386 314 1
2386 1069 1
2386 1612 1
2386 1501 1
2386 438 1
2386 814 1
2386 1025 1
2386 77 1
2386 1560 1
2386 2751 1
2386 2962 1
2386 1066 1
2386 699 1
2386 2670 1
2386 1859 1
2386 340 1
2386 2676 1
2386 95 1
2386 571 1
2386 2745 1
2386 1185 1
2386 1129 1
2386 1731 1
2386 1438 1
2386 48 1
2386 2360 1
2386 33 1
2386 2787 1
774 273 1
774 159 1
774 357 1
774 795 1
774 2962 1
774 582 1
774 641 1
774 242 1
774 666 1
774 2778 1
774 1236 1
774 2360 1
774 1333 1
774 2929 1
774 695 1
774 2113 1
965 2962 1
965 1311 1
965 332 1
1105 2061 1
348 1391 1
1515 132 1
1515 1906 1
1515 271 1
357 210 1
2336 573 1
1522 1447 1
1522 1575 1
1522 1449 1
1522 989 1
1522 1282 1
1522 811 1
2005 1840 1
1025 2359 1
1025 540 1
1025 2360 1
551 2305 1
551 2670 1
551 169 1
551 481 1
551 2307 1
551 1898 1
551 48 1
551 572 1
551 1653 1
551 185 1
551 313 1
551 2432 1
551 636 1
551 391 1
551 1979 1
551 2838 1
161 864 1
161 2050 1
2256 1784 1
2256 2769 1
2256 1963 1
2256 2922 1
2256 596 1
2256 1557 1
2256 1760 1
2256 1105 1
2256 2449 1
2256 182 1
2256 834 1
2256 179 1
2256 2628 1
2256 1365 1
2256 2020 1
2256 1620 1
2256 1479 1
2256 1451 1
2256 1398 1
2256 1958 1
2256 643 1
2256 1123 1
2256 2258 1
2256 2304 1
2256 2706 1
2256 2234 1
2256 861 1
2256 782 1
2256 3029 1
2256 829 1
2256 816 1
2256 2185 1
2256 639 1
2256 2644 1
2256 1790 1
2256 1624 1
2256 2593 1
2256 2262 1
2256 1945 1
2256 1759 1
2256 989 1
2256 2625 1
2256 1148 1
2256 105 1
2256 1631 1
2256 397 1
2256 22 1
2256 2970 1
2256 2969 1
2256 1170 1
2256 2820 1
2256 1711 1
2256 425 1
2256 2392 1
2256 2498 1
2256 1244 1
80 2148 1
80 197 1
80 33 1
1875 1556 1
925 1321 1
925 1959 1
2760 1005 1
2760 153 1
2760 489 1
2760 211 1
2760 1701 1
2760 361 1
2760 1977 1
2760 2205 1
2760 997 1
1688 33 1
1920 2842 1
1920 835 1
1920 1771 1
1920 280 1
2652 2050 1
2621 835 1
2621 2524 1
2621 1250 1
2621 678 1
2621 313 1
2621 143 1
933 1096 1
933 2648 1
933 1466 1
933 2215 1
933 1760 1
933 1137 1
933 1477 1
933 215 1
933 1809 1
933 2895 1
933 2658 1
933 2683 1
933 2243 1
933 767 1
933 254 1
933 18 1
933 1090 1
933 242 1
933 19 1
933 2440 1
933 2471 1
933 2415 1
933 2834 1
933 758 1
933 48 1
933 41 1
933 1839 1
933 2949 1
933 280 1
933 2808 1
933 2929 1
933 40 1
2369 12 1
2369 97 1
2369 2773 1
2369 2711 1
2369 1241 1
2369 1225 1
2369 2794 1
1604 1501 1
1604 310 1
1604 1090 1
1604 33 1
1604 1641 1
1604 327 1
1818 3009 1
1818 2416 1
795 2528 1
1930 1606 1
1930 1574 1
1930 1308 1
1930 2948 1
1930 755 1
1930 2396 1
1930 1543 1
1930 1296 1
1930 701 1
1930 1738 1
1930 1497 1
1930 1264 1
1930 766 1
1930 527 1
1930 557 1
1930 9 1
1930 2698 1
1930 2339 1
1930 180 1
2886 1237 1
2886 2843 1
2886 2010 1
2989 790 1
2989 1848 1
1391 2114 1
89 2671 1
89 1921 1
2634 33 1
2634 374 1
1132 44 1
12 454 1
12 1830 1
12 578 1
2864 1299 1
381 913 1
909 308 1
909 460 1
1394 2974 1
2532 1541 1
1885 2301 1
1885 277 1
1885 1022 1
1811 520 1
1811 451 1
1811 2147 1
1811 1995 1
1811 2062 1
1811 605 1
1811 2709 1
1811 175 1
1811 1596 1
1811 2030 1
1811 2795 1
1811 1930 1
1811 2819 1
1811 394 1
1811 2576 1
1811 3024 1
1811 1903 1
1811 785 1
1811 2862 1
1811 208 1
1811 3041 1
1811 1458 1
1811 2314 1
1811 946 1
1811 2106 1
1811 2240 1
1811 2592 1
1811 332 1
1811 2110 1
1811 366 1
1811 2182 1
1811 2483 1
1811 2371 1
1811 955 1
1811 1388 1
1811 3031 1
1811 2325 1
1811 734 1
1811 2071 1
1811 2038 1
1811 2577 1
1811 914 1
1811 2543 1
1811 1978 1
1811 1540 1
1811 128 1
1811 2365 1
1811 1151 1
1811 1162 1
1811 2821 1
1811 361 1
1811 1977 1
1811 1499 1
1811 904 1
1811 183 1
1811 527 1
1811 2130 1
1811 2225 1
1811 1049 1
1811 2116 1
1811 190 1
1811 2308 1
1811 1139 1
1811 26 1
1811 2820 1
1811 98 1
1811 1700 1
1811 2950 1
1811 142 1
1811 620 1
1811 3034 1
1811 1680 1
1811 2604 1
1811 2599 1
1811 660 1
1811 3036 1
1811 2025 1
1811 1216 1
1811 359 1
1811 69 1
1811 2474 1
1811 2339 1
1811 2412 1
1811 1283 1
1811 2481 1
1811 2555 1
1811 178 1
1811 1485 1
1811 999 1
1811 2991 1
1811 1464 1
1811 2870 1
439 946 1
1063 1627 1
1063 2537 1
1063 2205 1
2283 2930 1
2283 130 1
2283 336 1
2283 1474 1
2283 2480 1
2283 2108 1
2283 553 1
2283 1768 1
1477 1250 1
1477 33 1
1477 2980 1
256 2797 1
256 2097 1
256 461 1
256 2757 1
256 2850 1
256 2222 1
256 1798 1
256 1612 1
256 1211 1
256 1415 1
256 10 1
256 1311 1
256 3024 1
256 1365 1
256 1015 1
256 146 1
256 330 1
256 1164 1
256 1090 1
256 2565 1
256 1483 1
256 155 1
256 1438 1
256 2462 1
256 2436 1
256 2360 1
256 600 1
394 1732 1
394 2366 1
394 2483 1
394 2772 1
394 341 1
394 1900 1
724 362 1
724 1325 1
724 1401 1
724 1787 1
724 20 1
724 115 1
724 1694 1
724 1128 1
724 964 1
724 988 1
724 1821 1
724 1390 1
724 1621 1
724 1427 1
724 2360 1
724 33 1
724 1254 1
724 2063 1
724 1169 1
724 690 1
724 2394 1
724 1490 1
724 2738 1
179 2736 1
775 605 1
775 1905 1
775 253 1
775 1285 1
775 853 1
775 2670 1
775 1090 1
775 2050 1
775 105 1
119 1285 1
119 211 1
1633 1760 1
1166 882 1
1166 1370 1
1166 2974 1
1166 2605 1
1166 1206 1
1166 2356 1
1166 1434 1
1166 357 1
1166 2725 1
1166 1131 1
1166 624 1
1166 292 1
1166 409 1
1166 1867 1
1166 2526 1
1166 1765 1
2515 1314 1
2515 285 1
2515 842 1
2515 162 1
2515 152 1
2515 33 1
2515 1284 1
883 1098 1
883 2919 1
883 2953 1
883 2459 1
883 1071 1
883 2487 1
883 405 1
883 1848 1
883 1706 1
883 2578 1
883 3017 1
883 2051 1
883 1663 1
883 1046 1
883 1809 1
883 1056 1
883 1403 1
883 2261 1
883 1418 1
883 311 1
883 2895 1
883 2323 1
883 160 1
883 2251 1
883 1405 1
883 1739 1
883 2179 1
883 2318 1
883 509 1
883 1121 1
883 686 1
883 281 1
883 2329 1
883 2885 1
883 1937 1
883 336 1
883 2499 1
883 2281 1
883 996 1
883 2691 1
883 530 1
883 1260 1
883 1892 1
883 1616 1
883 721 1
883 893 1
883 1355 1
883 1118 1
883 388 1
883 2841 1
883 1512 1
883 595 1
883 2466 1
883 2307 1
883 575 1
883 2235 1
883 2216 1
883 373 1
883 2715 1
883 1358 1
883 843 1
883 2252 1
883 942 1
883 248 1
883 1149 1
883 456 1
883 1504 1
883 588 1
883 1568 1
883 1545 1
883 2149 1
883 1780 1
883 2382 1
883 1266 1
883 2681 1
883 220 1
883 2174 1
883 2501 1
883 1912 1
883 2866 1
883 2833 1
883 1291 1
883 1343 1
883 873 1
883 296 1
883 1341 1
883 417 1
883 1357 1
883 3019 1
883 1480 1
883 2637 1
883 581 1
883 244 1
883 1911 1
883 2571 1
883 32 1
883 2231 1
883 2333 1
883 1463 1
883 1696 1
883 1199 1
883 3045 1
883 1402 1
883 2933 1
883 2958 1
883 1556 1
883 1689 1
883 536 1
883 2121 1
883 2264 1
883 2521 1
883 764 1
883 65 1
883 990 1
883 599 1
883 1601 1
883 585 1
883 374 1
883 2425 1
883 1926 1
883 917 1
883 1349 1
2566 2338 1
805 2632 1
805 947 1
805 2407 1
2758 2360 1
684 2679 1
2578 2544 1
2578 2331 1
2578 1685 1
2578 257 1
2578 1471 1
2578 1029 1
2578 1897 1
44 1501 1
2737 2316 1
2737 1644 1
2737 2552 1
2737 2998 1
2737 33 1
2737 158 1
2962 1552 1
1693 159 1
1693 132 1
2028 1137 1
1841 33 1
1962 2356 1
1962 964 1
877 1865 1
877 2369 1
877 2194 1
877 2670 1
877 259 1
877 742 1
877 1810 1
877 880 1
877 2627 1
877 2086 1
877 2558 1
877 2307 1
877 1267 1
877 325 1
877 770 1
877 2637 1
2170 2670 1
2170 2 1
2170 934 1
2170 196 1
308 846 1
308 2786 1
308 875 1
308 2482 1
308 1844 1
308 1228 1
308 614 1
308 332 1
308 283 1
308 1097 1
308 2569 1
308 1438 1
308 298 1
308 3002 1
308 2042 1
308 598 1
1016 2572 1
1016 2319 1
1016 2381 1
1016 2766 1
1016 1714 1
1016 426 1
1016 539 1
1016 2549 1
1066 1501 1
1066 1307 1
1066 2106 1
1066 1438 1
998 2816 1
2112 1764 1
2112 2714 1
2112 841 1
2112 2046 1
2112 2863 1
2112 2478 1
2112 242 1
2112 443 1
2932 1930 1
2932 2508 1
2932 2145 1
2932 1458 1
2126 727 1
2126 1876 1
2126 1089 1
2126 179 1
2126 2962 1
2126 3024 1
2126 1261 1
2126 1163 1
2126 1077 1
2126 2120 1
2126 3052 1
2126 292 1
2126 2778 1
2126 2024 1
2126 172 1
2126 1743 1
2609 2316 1
2609 991 1
2609 1736 1
2609 948 1
2609 175 1
2609 2932 1
2609 1903 1
2609 785 1
2609 2263 1
2609 1975 1
2609 2200 1
2609 755 1
2609 2753 1
2609 2998 1
2609 2887 1
2609 766 1
2609 493 1
2609 2267 1
2609 2820 1
2609 2446 1
618 2106 1
2273 2386 1
1008 1686 1
1008 1451 1
1008 1909 1
1008 1699 1
918 821 1
918 746 1
918 2798 1
918 267 1
918 335 1
2828 2356 1
2828 1470 1
930 2868 1
930 932 1
930 2291 1
930 111 1
930 1077 1
930 2990 1
930 1303 1
930 33 1
930 2965 1
930 1441 1
1133 2593 1
1381 129 1
1381 414 1
1381 1807 1
1381 1321 1
1381 641 1
1381 33 1
1381 2509 1
1628 2747 1
1628 703 1
1628 2525 1
1628 1052 1
1628 1229 1
1628 2671 1
1628 2083 1
1628 2196 1
1628 2180 1
1628 1102 1
1628 674 1
1628 176 1
1628 1877 1
1628 2331 1
1628 272 1
1628 1598 1
1628 370 1
1628 267 1
1628 27 1
1628 1672 1
1628 760 1
1628 2307 1
1628 1800 1
1628 1178 1
1628 823 1
1628 1002 1
1628 2630 1
1628 1667 1
1628 2168 1
1628 1331 1
1628 2951 1
1628 2614 1
1628 2226 1
1628 969 1
1628 1043 1
1628 1615 1
1628 1843 1
1628 1203 1
1628 2290 1
1628 1010 1
1628 915 1
1628 2361 1
1628 417 1
1628 2699 1
1628 1670 1
1628 1442 1
1628 543 1
1628 1679 1
1628 1607 1
1628 541 1
1628 2202 1
1628 544 1
1628 1079 1
1628 264 1
1628 164 1
1628 1378 1
1628 257 1
1628 1638 1
1628 2585 1
1628 2190 1
1628 2880 1
1628 200 1
1628 2246 1
2503 1137 1
489 2952 1
489 2988 1
489 1922 1
489 971 1
489 2643 1
489 2205 1
489 2295 1
489 1928 1
2862 1024 1
1809 2278 1
1809 1494 1
1809 2748 1
1809 575 1
1809 45 1
1809 1581 1
1809 2637 1
1809 1762 1
1809 2632 1
1809 2812 1
938 276 1
1230 2724 1
1230 974 1
2534 1515 1
2534 2755 1
2461 159 1
2461 1760 1
2461 1089 1
2461 2138 1
1324 242 1
1626 1635 1
1014 1325 1
2955 1869 1
2955 2200 1
2955 2983 1
2955 2820 1
749 677 1
749 2011 1
75 1194 1
75 1965 1
75 673 1
75 1887 1
75 2085 1
75 1281 1
75 2451 1
75 1894 1
75 2670 1
75 1469 1
75 819 1
75 2502 1
75 2360 1
75 33 1
75 2343 1
75 2205 1
75 569 1
75 2346 1
75 1099 1
75 589 1
2350 1818 1
2350 1809 1
2350 2768 1
2350 1994 1
2350 2728 1
2350 1026 1
2350 1407 1
2350 206 1
2350 390 1
2350 1248 1
2350 648 1
2350 2637 1
2350 2017 1
1511 2218 1
1511 2992 1
207 992 1
207 2932 1
207 399 1
207 1296 1
207 2189 1
207 431 1
207 2820 1
2263 1546 1
2263 1760 1
1058 332 1
1058 242 1
1015 1818 1
1015 146 1
1015 6 1
1015 2360 1
1347 1554 1
617 390 1
617 2672 1
1093 2483 1
1093 2667 1
2755 1342 1
2755 1757 1
2755 2490 1
2755 553 1
63 2583 1
63 2887 1
1552 2960 1
1552 580 1
1552 2962 1
1552 327 1
1971 1293 1
1971 15 1
1971 24 1
1707 2183 1
1707 475 1
1707 1491 1
1707 2268 1
1707 794 1
1707 1988 1
1707 1935 1
1707 2233 1
1707 1465 1
1707 1101 1
1707 332 1
1707 2039 1
1707 2512 1
1707 47 1
1707 1919 1
1707 2618 1
1707 113 1
1707 1872 1
1707 2607 1
1707 2360 1
1707 33 1
1707 591 1
1707 1273 1
1707 2417 1
1707 280 1
1707 2629 1
1707 2211 1
1707 1670 1
1707 2641 1
1707 1275 1
1707 1397 1
1707 1834 1
1707 2942 1
1707 2741 1
1707 2804 1
1707 1362 1
2957 533 1
2957 2811 1
2957 531 1
2957 1304 1
2341 1706 1
1204 1319 1
1268 2660 1
1268 2927 1
1268 2829 1
1268 777 1
1268 354 1
1268 1908 1
1268 476 1
1268 1944 1
1268 343 1
1268 514 1
404 362 1
404 1175 1
404 3008 1
1305 807 1
1305 1197 1
1305 698 1
1305 977 1
1305 2563 1
1305 808 1
1305 1851 1
1305 209 1
1305 2389 1
1305 854 1
1305 327 1
2217 165 1
2217 3009 1
2217 17 1
2217 2660 1
2217 2280 1
2217 808 1
2188 810 1
1733 2156 1
1733 634 1
1733 276 1
1733 1501 1
1733 1620 1
1733 332 1
1733 333 1
1733 1438 1
1733 2966 1
1733 33 1
1733 1641 1
1733 2099 1
1406 2668 1
2805 1080 1
2805 1017 1
2805 1599 1
2805 529 1
2805 1528 1
2805 1915 1
2805 2603 1
2805 70 1
2805 250 1
2805 1313 1
2805 2928 1
2805 1967 1
2805 252 1
2805 175 1
2805 607 1
2805 1509 1
2805 747 1
2805 3005 1
2805 1064 1
2805 357 1
2805 2005 1
2805 1600 1
2805 67 1
2805 2464 1
2805 752 1
2805 847 1
2805 582 1
2805 2724 1
2805 1476 1
2805 652 1
2805 483 1
2805 1763 1
2805 785 1
2805 2825 1
2805 2955 1
2805 71 1
2805 2397 1
2805 2422 1
2805 2393 1
2805 2390 1
2805 2223 1
2805 2204 1
2805 2106 1
2805 2824 1
2805 1661 1
2805 2033 1
2805 2597 1
2805 1840 1
2805 1238 1
2805 1823 1
2805 410 1
2805 2745 1
2805 2847 1
2805 2254 1
2805 2391 1
2805 234 1
2805 476 1
2805 2054 1
2805 1186 1
2805 433 1
2805 3027 1
2805 2279 1
2805 289 1
2805 1668 1
2805 2998 1
2805 2164 1
2805 2360 1
2805 2115 1
2805 33 1
2805 2430 1
2805 2353 1
2805 2151 1
2805 2469 1
2805 2105 1
2805 1249 1
2805 2077 1
2805 177 1
2805 2835 1
2805 2438 1
2805 1778 1
2805 1691 1
2805 1523 1
2805 740 1
2805 173 1
2805 1475 1
2805 1075 1
2805 2915 1
2805 2433 1
2805 1648 1
2805 692 1
2805 1705 1
2805 612 1
2805 2087 1
2805 2476 1
2805 1573 1
2805 320 1
2805 1376 1
2805 1384 1
2805 3042 1
2805 16 1
2805 1542 1
1359 897 1
1359 2791 1
1359 2002 1
2902 2140 1
974 460 1
2523 2535 1
2523 1993 1
2523 596 1
2523 775 1
2523 2701 1
2523 2505 1
2523 259 1
2523 2035 1
2523 379 1
2523 1212 1
2523 2023 1
2523 2861 1
2523 2764 1
2523 48 1
2523 1849 1
2523 1550 1
2523 2098 1
2523 189 1
2523 100 1
2523 2002 1
2523 956 1
2523 1602 1
211 981 1
1797 1715 1
716 785 1
716 995 1
890 1307 1
890 923 1
890 3 1
890 73 1
890 647 1
890 1690 1
890 74 1
890 798 1
2524 44 1
2524 2949 1
1188 2670 1
2326 2214 1
1252 155 1
638 129 1
638 2163 1
638 925 1
638 2801 1
638 1438 1
2106 332 1
2106 2462 1
2106 2693 1
202 2801 1
632 596 1
632 1326 1
632 1520 1
632 1749 1
632 2336 1
632 786 1
632 2141 1
632 957 1
632 1479 1
632 1587 1
632 469 1
632 1634 1
632 528 1
632 1076 1
632 1027 1
632 282 1
632 2523 1
632 2500 1
632 2907 1
632 870 1
632 259 1
632 3000 1
632 2517 1
632 2158 1
632 1598 1
632 2627 1
632 108 1
632 2704 1
632 1899 1
632 657 1
632 1746 1
632 1549 1
632 181 1
632 452 1
632 823 1
632 265 1
632 268 1
632 1852 1
632 2108 1
632 1753 1
632 636 1
632 1866 1
632 2846 1
632 1375 1
632 920 1
326 974 1
2539 1972 1
2539 2506 1
2539 2360 1
2878 369 1
2878 1336 1
2878 2107 1
2878 270 1
2878 954 1
2824 688 1
2824 381 1
2824 844 1
2824 899 1
2824 447 1
157 2670 1
2401 1344 1
15 165 1
15 2440 1
1245 1541 1
1245 455 1
1245 503 1
301 909 1
301 2843 1
301 2152 1
2670 1325 1
2670 1935 1
2670 699 1
2670 522 1
2670 2801 1
2670 1526 1
2670 2537 1
2670 1653 1
2670 185 1
2670 2787 1
2694 2074 1
1859 2659 1
1859 836 1
1859 932 1
1859 1640 1
1859 1501 1
1859 1620 1
1859 2670 1
1859 935 1
1859 242 1
1859 2884 1
1859 746 1
1859 1438 1
1859 2360 1
1859 2787 1
1873 498 1
1873 135 1
1873 2106 1
1873 1143 1
1873 232 1
1873 147 1
2287 2871 1
2287 698 1
2287 1760 1
2287 3011 1
2287 1027 1
2287 1389 1
2287 897 1
2287 1159 1
2287 2050 1
2287 2408 1
2287 371 1
2287 2208 1
2287 2702 1
458 2605 1
458 605 1
458 1767 1
458 807 1
458 1501 1
458 153 1
458 2386 1
458 744 1
458 1172 1
458 253 1
458 1620 1
458 1285 1
458 2626 1
458 919 1
458 242 1
458 624 1
458 963 1
458 321 1
458 2455 1
2809 210 1
2809 1000 1
2623 1515 1
497 567 1
477 2670 1
831 1620 1
622 634 1
587 1129 1
629 2578 1
629 2840 1
629 8 1
629 1888 1
629 2342 1
629 14 1
629 2647 1
2840 1325 1
2840 1876 1
2840 2871 1
2840 1326 1
2840 424 1
2840 1597 1
2840 1451 1
2840 2670 1
2840 878 1
2840 465 1
2840 2447 1
2840 1551 1
2840 2161 1
2840 2196 1
2840 1088 1
2840 2354 1
2840 1109 1
2840 778 1
2840 1218 1
2840 2146 1
2840 2967 1
2840 2650 1
2840 462 1
2840 1761 1
2840 1842 1
2840 1057 1
2840 1001 1
2840 163 1
2840 1126 1
2840 1438 1
2840 2013 1
2840 221 1
2840 1789 1
2840 2187 1
2840 2050 1
2840 1142 1
2840 2995 1
2840 2976 1
2840 45 1
2840 2082 1
2840 297 1
2840 1974 1
2840 1258 1
2840 2134 1
2840 2893 1
2840 2744 1
2840 2159 1
2840 2639 1
2840 136 1
2840 848 1
2840 2043 1
2840 1472 1
2840 398 1
2840 2969 1
2840 2457 1
2840 951 1
2840 2637 1
2840 1585 1
2840 2788 1
2840 1392 1
2840 1802 1
2840 1792 1
2840 3049 1
2840 391 1
2840 2790 1
2840 1991 1
2840 1950 1
2840 2162 1
2840 764 1
2840 651 1
2840 2407 1
2840 2073 1
2840 1828 1
2840 1349 1
2840 2154 1
2840 979 1
2840 2169 1
2840 518 1
2840 2617 1
2840 29 1
2840 224 1
2840 1020 1
2840 1747 1
2840 2377 1
2840 1287 1
2840 2721 1
2840 247 1
2840 2874 1
2840 2453 1
2840 1793 1
1857 1100 1
1857 992 1
1857 967 1
132 1359 1
132 772 1
132 2558 1
132 194 1
132 1727 1
132 1095 1
2234 1243 1
2234 2000 1
1286 1770 1
960 786 1
18 2237 1
18 2324 1
18 280 1
2385 972 1
2385 899 1
2385 1156 1
2385 1054 1
2385 1839 1
2385 679 1
2385 2913 1
2385 745 1
2385 316 1
1726 481 1
2742 2872 1
2742 1583 1
2742 64 1
2742 797 1
2742 2926 1
2742 104 1
2742 33 1
2742 428 1
2742 1441 1
2742 501 1
2065 2360 1
670 2386 1
670 1935 1
715 1430 1
715 561 1
1164 280 1
1164 1340 1
1715 41 1
1904 2565 1
1061 112 1
1061 1211 1
1061 1501 1
1061 1760 1
1061 1321 1
1061 582 1
1061 2531 1
1061 242 1
1061 2778 1
1061 2360 1
1061 1526 1
1061 854 1
1061 1653 1
1061 723 1
1061 756 1
2518 1325 1
1191 210 1
1191 2336 1
1191 2670 1
1191 2728 1
1191 1719 1
1191 2117 1
1191 2040 1
1191 2022 1
1191 1374 1
1191 2307 1
1191 1907 1
1191 2553 1
1191 1455 1
1191 2784 1
1191 2672 1
1191 79 1
1191 1638 1
1191 1034 1
1191 1349 1
1191 2613 1
2635 785 1
2635 332 1
242 2670 1
242 1795 1
2483 2883 1
2483 903 1
1572 1168 1
1572 33 1
755 3032 1
755 2603 1
755 255 1
755 1024 1
755 992 1
755 1930 1
755 583 1
755 753 1
755 2609 1
755 2552 1
755 1903 1
755 3047 1
755 1308 1
755 2317 1
755 1857 1
755 1840 1
755 2483 1
755 1296 1
755 2611 1
755 1013 1
755 1226 1
755 2910 1
755 2887 1
755 343 1
755 1040 1
755 2122 1
755 2475 1
755 2446 1
755 642 1
755 2944 1
755 158 1
755 1657 1
755 106 1
1846 332 1
1846 33 1
1968 3022 1
1968 2050 1
1622 624 1
19 1087 1
2945 709 1
2945 195 1
2945 141 1
2945 2837 1
2945 1756 1
2945 1401 1
2945 159 1
2945 1760 1
2945 1321 1
2945 2962 1
2945 1408 1
2945 2828 1
2945 1620 1
2945 2860 1
2945 1554 1
2945 146 1
2945 2626 1
2945 2670 1
2945 988 1
2945 1332 1
2945 2561 1
2945 1611 1
2945 1438 1
2945 1901 1
2945 838 1
2945 2360 1
2945 1641 1
2945 2732 1
2945 1196 1
1524 184 1
2004 240 1
2004 1794 1
2004 114 1
2004 1612 1
2004 2386 1
2004 1890 1
2004 1172 1
2004 1468 1
2004 242 1
2004 166 1
2004 678 1
2004 1438 1
2004 411 1
2004 1710 1
888 2550 1
888 1760 1
888 1210 1
888 1750 1
888 435 1
888 2670 1
888 2055 1
888 1746 1
888 1898 1
888 577 1
888 748 1
95 2302 1
95 210 1
95 2832 1
95 1999 1
95 727 1
95 605 1
95 1325 1
95 1640 1
95 552 1
95 1501 1
95 1760 1
95 1137 1
95 2386 1
95 1484 1
95 2962 1
95 1311 1
95 1307 1
95 1962 1
95 35 1
95 853 1
95 719 1
95 2891 1
95 522 1
95 2670 1
95 332 1
95 2676 1
95 622 1
95 2414 1
95 2801 1
95 963 1
95 1438 1
95 31 1
95 2360 1
95 212 1
95 33 1
95 954 1
95 172 1
95 327 1
95 625 1
95 2787 1
95 2936 1
95 490 1
2445 2877 1
2776 2553 1
2776 2787 1
1959 1270 1
1959 186 1
34 329 1
34 155 1
1754 1165 1
102 1256 1
102 1168 1
102 1964 1
102 1285 1
102 2959 1
102 1077 1
102 1927 1
102 2843 1
102 2414 1
102 152 1
102 1924 1
102 593 1
102 1353 1
102 973 1
102 2610 1
102 2638 1
102 2066 1
102 966 1
1453 2516 1
1453 1706 1
1453 2908 1
1453 1737 1
1453 1603 1
2801 2097 1
2801 533 1
2801 1325 1
2801 624 1
2801 2427 1
2801 172 1
2023 850 1
2023 230 1
2023 862 1
1835 1930 1
1835 1811 1
1835 785 1
1594 184 1
1795 1956 1
1795 650 1
1795 2982 1
1795 810 1
1795 461 1
1795 1651 1
1795 2832 1
1795 274 1
1795 1194 1
1795 82 1
1795 993 1
1795 1325 1
1795 1168 1
1795 1876 1
1795 1459 1
1795 2320 1
1795 562 1
1795 645 1
1795 1401 1
1795 932 1
1795 1314 1
1795 273 1
1795 2064 1
1795 792 1
1795 1211 1
1795 1330 1
1795 634 1
1795 1140 1
1795 1288 1
1795 1466 1
1795 824 1
1795 682 1
1795 276 1
1795 1501 1
1795 153 1
1795 17 1
1795 1760 1
1795 2386 1
1795 2238 1
1795 277 1
1795 2947 1
1795 1627 1
1795 1920 1
1795 2746 1
1795 1833 1
1795 1807 1
1795 1477 1
1795 1484 1
1795 1791 1
1795 1941 1
1795 2799 1
1795 1530 1
1795 2858 1
1795 1432 1
1795 1620 1
1795 1230 1
1795 1285 1
1795 2036 1
1795 911 1
1795 2755 1
1795 827 1
1795 1554 1
1795 110 1
1795 1914 1
1795 566 1
1795 1377 1
1795 939 1
1795 184 1
1795 936 1
1795 2106 1
1795 1297 1
1795 2626 1
1795 2670 1
1795 332 1
1795 1435 1
1795 2034 1
1795 2590 1
1795 2854 1
1795 2423 1
1795 1812 1
1795 25 1
1795 1164 1
1795 919 1
1795 2345 1
1795 988 1
1795 2620 1
1795 2286 1
1795 1639 1
1795 1933 1
1795 1845 1
1795 304 1
1795 2284 1
1795 1646 1
1795 1539 1
1795 260 1
1795 1350 1
1795 624 1
1795 1948 1
1795 460 1
1795 2504 1
1795 492 1
1795 1883 1
1795 292 1
1795 963 1
1795 693 1
1795 1335 1
1795 1438 1
1795 2363 1
1795 508 1
1795 1577 1
1795 321 1
1795 2921 1
1795 2462 1
1795 2242 1
1795 2050 1
1795 1224 1
1795 2123 1
1795 2420 1
1795 1799 1
1795 2277 1
1795 2239 1
1795 1404 1
1795 33 1
1795 41 1
1795 3030 1
1795 2949 1
1795 901 1
1795 2732 1
1795 1179 1
1795 741 1
1795 2205 1
1795 1836 1
1795 280 1
1795 296 1
1795 2007 1
1795 1318 1
1795 1718 1
1795 683 1
1795 2672 1
1795 695 1
1795 1745 1
1795 315 1
1795 1564 1
1795 2177 1
1795 2096 1
1795 1196 1
1795 205 1
1795 1591 1
1795 756 1
1795 524 1
1795 1817 1
1795 479 1
1795 884 1
1795 269 1
1795 2855 1
1795 1729 1
1795 339 1
1795 1565 1
1795 762 1
2780 964 1
437 2998 1
1845 825 1
1845 1767 1
1845 1299 1
1845 242 1
1845 1144 1
2722 210 1
2722 51 1
2722 2336 1
2722 12 1
2722 2144 1
2722 149 1
2722 2084 1
2722 2328 1
2722 2608 1
2722 2997 1
2722 2750 1
2722 132 1
2722 950 1
2722 2877 1
2722 2666 1
2722 2292 1
2722 806 1
2722 299 1
2722 1610 1
2722 2458 1
2722 2632 1
2722 218 1
2722 2754 1
2722 391 1
2722 649 1
1970 2215 1
1970 238 1
1970 871 1
1970 922 1
1970 2207 1
1970 2220 1
1970 331 1
1970 616 1
1970 2092 1
1970 848 1
1970 952 1
1970 959 1
1970 916 1
1970 419 1
1970 353 1
1970 291 1
1970 2721 1
1970 1028 1
567 332 1
2284 2832 1
2284 2828 1
2284 332 1
2284 2676 1
2284 2536 1
2284 33 1
2557 1576 1
2533 2578 1
1674 2984 1
2367 1243 1
2367 2441 1
2125 336 1
2125 262 1
2125 2199 1
2396 1930 1
668 2317 1
668 1497 1
668 2903 1
571 2801 1
571 2360 1
808 1299 1
808 2531 1
808 1061 1
808 2530 1
615 2360 1
1510 2296 1
1510 1826 1
1510 314 1
1510 2062 1
1510 1325 1
1510 1993 1
1510 2356 1
1510 2289 1
1510 982 1
1510 2758 1
1510 1311 1
1510 2828 1
1510 1554 1
1510 146 1
1510 2612 1
1510 2891 1
1510 2524 1
1510 1253 1
1510 18 1
1510 1845 1
1510 2069 1
1510 927 1
1510 1438 1
1510 360 1
1510 2360 1
1510 2343 1
1510 1482 1
1510 542 1
1510 2197 1
58 2558 1
1939 210 1
734 1930 1
734 1850 1
734 1903 1
734 701 1
734 1657 1
1134 1307 1
2418 2050 1
771 1248 1
1470 2801 1
171 1137 1
866 1137 1
2636 153 1
2636 1173 1
2636 1811 1
2636 253 1
2636 1795 1
2636 488 1
2636 2557 1
2636 1646 1
2636 2931 1
2636 431 1
2636 2132 1
2636 1617 1
2636 1130 1
2636 2781 1
2186 1325 1
2186 1876 1
2186 1501 1
2186 2962 1
2186 1285 1
2186 1569 1
2186 590 1
2186 2626 1
2186 2670 1
2186 332 1
2186 242 1
2186 2801 1
2186 2253 1
2186 2360 1
2186 33 1
2186 954 1
2186 1815 1
1144 1347 1
1543 2955 1
1543 69 1
460 2409 1
460 548 1
460 2982 1
460 547 1
460 2157 1
460 499 1
460 1051 1
460 415 1
460 2832 1
460 129 1
460 1613 1
460 1999 1
460 654 1
460 3021 1
460 165 1
460 1168 1
460 1876 1
460 2380 1
460 504 1
460 449 1
460 2237 1
460 1412 1
460 276 1
460 1923 1
460 801 1
460 438 1
460 1137 1
460 2733 1
460 874 1
460 1922 1
460 43 1
460 1321 1
460 2962 1
460 426 1
460 1299 1
460 1293 1
460 1684 1
460 768 1
460 1578 1
460 420 1
460 2684 1
460 853 1
460 1077 1
460 251 1
460 978 1
460 2104 1
460 1489 1
460 2059 1
460 974 1
460 522 1
460 1701 1
460 2106 1
460 1676 1
460 2670 1
460 99 1
460 2414 1
460 988 1
460 2889 1
460 2831 1
460 1845 1
460 2602 1
460 292 1
460 1518 1
460 2415 1
460 1091 1
460 1662 1
460 2383 1
460 2213 1
460 436 1
460 48 1
460 1837 1
460 1420 1
460 2050 1
460 1427 1
460 2360 1
460 1656 1
460 1526 1
460 2343 1
460 2732 1
460 803 1
460 1861 1
460 921 1
460 1181 1
460 185 1
460 1687 1
460 1416 1
460 640 1
460 791 1
460 2224 1
460 1383 1
460 327 1
460 57 1
460 1658 1
460 1196 1
460 664 1
460 2547 1
460 1306 1
460 1119 1
460 2492 1
2654 717 1
2654 2916 1
2654 1247 1
2654 19 1
2654 2801 1
2654 1777 1
2654 1839 1
539 641 1
1945 2933 1
2053 1541 1
787 1325 1
2816 192 1
2816 3023 1
2816 1083 1
2816 263 1
2816 2871 1
2816 2399 1
2816 1259 1
2816 1219 1
2816 2288 1
2816 1082 1
2816 12 1
2816 976 1
2816 2996 1
2816 2080 1
2816 1396 1
2816 1124 1
2816 1595 1
2816 445 1
2816 1507 1
2816 2219 1
2816 1716 1
2816 174 1
2816 1863 1
2816 1272 1
2816 2925 1
2816 545 1
2816 1547 1
2816 2567 1
2816 323 1
2816 2293 1
2816 145 1
2816 1880 1
2816 78 1
2816 1450 1
2816 2493 1
2816 780 1
2816 2450 1
2816 2247 1
2816 1253 1
2816 2985 1
2816 3026 1
2816 223 1
2816 2649 1
2816 2175 1
2816 124 1
2816 1125 1
2816 1728 1
2816 464 1
2816 2924 1
2816 1074 1
2816 924 1
2816 1460 1
2816 2977 1
2816 1323 1
2816 1192 1
2816 1992 1
2816 505 1
2816 235 1
2816 109 1
2816 603 1
2816 1538 1
2816 1356 1
2816 1525 1
2816 1351 1
2816 474 1
2816 1734 1
2816 743 1
2816 626 1
2816 2513 1
2816 1044 1
2816 485 1
2816 2943 1
2816 393 1
2816 1874 1
2816 2018 1
2816 2158 1
2816 2906 1
2816 2740 1
2816 2728 1
2816 1042 1
2816 2912 1
2816 1136 1
2816 2803 1
2816 1605 1
2816 304 1
2816 2807 1
2816 869 1
2816 1813 1
2816 511 1
2816 2739 1
2816 482 1
2816 1327 1
2816 2321 1
2816 1452 1
2816 432 1
2816 2591 1
2816 886 1
2816 2331 1
2816 897 1
2816 2573 1
2816 312 1
2816 1184 1
2816 1067 1
2816 1984 1
2816 473 1
2816 337 1
2816 945 1
2816 1534 1
2816 1678 1
2816 2364 1
2816 1891 1
2816 66 1
2816 1748 1
2816 2826 1
2816 895 1
2816 2426 1
2816 799 1
2816 1346 1
2816 2815 1
2816 2690 1
2816 2700 1
2816 592 1
2816 338 1
2816 2496 1
2816 859 1
2816 2048 1
2816 2285 1
2816 188 1
2816 2689 1
2816 2665 1
2816 2181 1
2816 2777 1
2816 2600 1
2816 2879 1
2816 2859 1
2816 2052 1
2816 306 1
2816 613 1
2816 403 1
2816 2124 1
2816 1949 1
2816 201 1
2816 388 1
2816 441 1
2816 1041 1
2816 1461 1
2816 2435 1
2816 2049 1
2816 855 1
2816 3004 1
2816 2892 1
2816 1038 1
2816 1104 1
2816 131 1
2816 2176 1
2816 214 1
2816 2375 1
2816 233 1
2816 685 1
2816 28 1
2816 5 1
2816 198 1
2816 510 1
2816 1724 1
2816 1709 1
2816 2037 1
2816 68 1
2816 3012 1
2816 2276 1
2816 793 1
2816 523 1
2816 1824 1
2816 284 1
2816 2235 1
2816 2395 1
2816 2890 1
2816 535 1
2816 2986 1
2816 2089 1
2816 295 1
2816 2437 1
2816 735 1
2816 2909 1
2816 2669 1
2816 751 1
2816 1106 1
2816 2645 1
2816 2686 1
2816 1508 1
2816 912 1
2816 2822 1
2816 2232 1
2816 2294 1
2816 72 1
2816 1158 1
2816 851 1
2816 92 1
2816 1110 1
2816 2460 1
2816 134 1
2816 2340 1
2816 3020 1
2816 759 1
2816 1271 1
2816 317 1
2816 1502 1
2816 1366 1
2816 1666 1
2816 1755 1
2816 2155 1
2816 1752 1
2816 1358 1
2816 754 1
2816 2488 1
2816 1723 1
2816 843 1
2816 387 1
2816 2271 1
2816 2849 1
2816 1570 1
2816 2019 1
2816 466 1
2816 2467 1
2816 2664 1
2816 1155 1
2816 480 1
2816 248 1
2816 907 1
2816 2548 1
2816 191 1
2816 1431 1
2816 2865 1
2816 1176 1
2816 1399 1
2816 137 1
2816 750 1
2816 1649 1
2816 331 1
2816 2770 1
2816 1078 1
2816 2677 1
2816 1006 1
2816 2723 1
2816 2373 1
2816 1996 1
2816 1345 1
2816 1036 1
2816 1265 1
2816 1513 1
2816 1072 1
2816 468 1
2816 1177 1
2816 1629 1
2816 986 1
2816 2844 1
2816 334 1
2816 3003 1
2816 347 1
2816 2911 1
2816 1371 1
2816 1012 1
2816 1946 1
2816 788 1
2816 2376 1
2816 694 1
2816 2491 1
2816 2057 1
2816 2497 1
2816 733 1
2816 2306 1
2816 962 1
2816 2646 1
2816 2473 1
2816 2221 1
2816 789 1
2816 2994 1
2816 402 1
2816 2575 1
2816 3018 1
2816 2934 1
2816 889 1
2816 1 1
2816 1931 1
2816 1011 1
2816 3037 1
2816 2352 1
2816 396 1
2816 806 1
2816 1654 1
2816 2143 1
2816 1174 1
2816 2692 1
2816 1969 1
2816 395 1
2816 1912 1
2816 1653 1
2816 1843 1
2816 1456 1
2816 804 1
2816 2703 1
2816 246 1
2816 2793 1
2816 2866 1
2816 680 1
2816 671 1
2816 1849 1
2816 1947 1
2816 2076 1
2816 1675 1
2816 2762 1
2816 1981 1
2816 1382 1
2816 1291 1
2816 1487 1
2816 1111 1
2816 2209 1
2816 707 1
2816 1198 1
2816 2153 1
2816 669 1
2816 2779 1
2816 1868 1
2816 1433 1
2816 2717 1
2816 2014 1
2816 1193 1
2816 1033 1
2816 286 1
2816 2195 1
2816 2362 1
2816 1832 1
2816 3035 1
2816 1298 1
2816 623 1
2816 1886 1
2816 1496 1
2816 496 1
2816 446 1
2816 1934 1
2816 2695 1
2816 1454 1
2816 1073 1
2816 2334 1
2816 1493 1
2816 1682 1
2816 802 1
2816 1317 1
2816 3019 1
2816 1478 1
2816 704 1
2816 2300 1
2816 898 1
2816 1440 1
2816 1819 1
2816 1804 1
2816 1492 1
2816 1322 1
2816 1559 1
2816 672 1
2816 2485 1
2816 1758 1
2816 96 1
2816 840 1
2816 512 1
2816 1145 1
2816 2282 1
2816 2463 1
2816 1380 1
2816 1498 1
2816 346 1
2816 1582 1
2816 392 1
2816 258 1
2816 1951 1
2816 1500 1
2816 279 1
2816 2142 1
2816 2596 1
2816 538 1
2816 1135 1
2816 1769 1
2816 2094 1
2816 2090 1
2816 56 1
2816 1339 1
2816 287 1
2816 2031 1
2816 1775 1
2816 2313 1
2816 879 1
2816 2730 1
2816 1348 1
2816 1940 1
2816 1796 1
2816 1047 1
2816 1548 1
2816 833 1
2816 892 1
2816 1231 1
2816 2108 1
2816 36 1
2816 736 1
2816 1495 1
2816 887 1
2816 2442 1
2816 1976 1
2816 1276 1
2816 3040 1
2816 127 1
2816 2387 1
2816 2707 1
2816 1222 1
2816 495 1
2816 1050 1
2816 635 1
2816 378 1
2816 2259 1
2816 738 1
2816 621 1
2816 1462 1
2816 2782 1
2816 1858 1
2816 1309 1
2816 1619 1
2816 689 1
2816 931 1
2816 2452 1
2816 303 1
2816 1277 1
2816 307 1
2816 1957 1
2816 796 1
2816 872 1
2816 2248 1
2816 87 1
2816 1998 1
2816 1698 1
2816 1814 1
2816 1652 1
2816 1055 1
2816 718 1
2816 3001 1
2816 2173 1
2816 217 1
2816 2574 1
2816 534 1
2816 62 1
2816 817 1
2816 139 1
2816 2266 1
2816 2520 1
2816 2101 1
2816 2102 1
2816 975 1
2816 537 1
2816 1190 1
2816 881 1
2816 2370 1
2816 2900 1
2816 1221 1
2816 1961 1
2816 2963 1
2816 1632 1
2816 1385 1
2816 294 1
2816 1289 1
2816 1584 1
2816 1278 1
2816 1966 1
2816 1882 1
2816 37 1
2816 1208 1
2816 953 1
2816 564 1
2816 1227 1
2816 513 1
2816 667 1
2816 1916 1
2816 2631 1
2816 720 1
2816 820 1
2816 1854 1
2816 1215 1
2816 1952 1
2816 2047 1
2816 1829 1
2816 1354 1
2816 117 1
2816 2601 1
2816 902 1
2816 457 1
2816 2673 1
2816 507 1
2816 125 1
2816 705 1
2816 985 1
2816 681 1
2816 2588 1
2816 2029 1
2816 1386 1
2816 2514 1
2816 584 1
2816 602 1
2816 2178 1
2816 1567 1
2816 1160 1
2816 239 1
2816 1847 1
2816 2310 1
2816 2897 1
2816 1320 1
2816 546 1
2816 839 1
2816 1023 1
2816 2311 1
2816 1279 1
2816 1683 1
2816 1553 1
2816 773 1
2816 659 1
2816 676 1
2816 1932 1
2816 757 1
2816 1902 1
2816 2633 1
2816 1659 1
2816 2905 1
2816 1558 1
2816 2468 1
2816 2522 1
2816 2172 1
2816 517 1
2816 2657 1
2816 264 1
2816 342 1
2816 2941 1
2816 1120 1
2816 231 1
2816 50 1
2816 565 1
2816 1955 1
2816 2067 1
2816 1486 1
2816 226 1
2816 1506 1
2816 2972 1
2816 2327 1
2816 714 1
2816 2560 1
2816 578 1
2816 845 1
2816 400 1
2816 261 1
2816 2400 1
2816 2495 1
2816 11 1
2816 187 1
2816 2904 1
2816 2203 1
2816 1446 1
2816 1535 1
2816 1037 1
2816 691 1
2816 2875 1
2816 1980 1
2816 228 1
2816 154 1
2816 656 1
2816 655 1
2816 1255 1
2816 2556 1
2816 1280 1
2816 385 1
2816 2072 1
2816 151 1
2816 765 1
2816 1822 1
2816 1953 1
2816 1744 1
2816 1808 1
2816 1917 1
2816 2078 1
2816 2079 1
2816 1417 1
2816 229 1
2816 1183 1
2816 1766 1
2816 943 1
2816 1369 1
2816 2656 1
2816 1990 1
2816 241 1
2816 1035 1
2816 1533 1
2816 1373 1
2816 2917 1
2816 983 1
2816 2589 1
2816 579 1
2816 2685 1
2816 2315 1
2816 2410 1
2816 2191 1
2816 467 1
2816 728 1
2816 2424 1
2816 350 1
2816 1269 1
2816 1329 1
2816 675 1
2816 1112 1
2816 227 1
2816 213 1
2816 1300 1
2816 1864 1
2816 46 1
2816 713 1
2816 55 1
2816 1444 1
2816 3013 1
2816 372 1
2816 2454 1
2816 54 1
2816 1669 1
2816 658 1
2816 2735 1
2816 558 1
2816 987 1
2816 800 1
2816 2851 1
2816 729 1
2816 2813 1
2816 21 1
2816 204 1
2816 3048 1
2816 2227 1
2816 1424 1
2816 1816 1
2816 726 1
2816 2136 1
2816 377 1
2816 1372 1
2 1425 1
2 2598 1
2 1152 1
2 2981 1
2 559 1
2 601 1
2 515 1
2 1078 1
2 630 1
2 2351 1
2 1291 1
2 796 1
2 1782 1
2 2582 1
2 2956 1
1129 2050 1
1129 929 1
356 2540 1
356 1501 1
356 203 1
356 60 1
356 355 1
963 1721 1
963 3025 1
1368 362 1
1368 1501 1
1368 2962 1
1368 828 1
1368 1228 1
1368 2843 1
1368 3028 1
1368 1488 1
1243 2405 1
812 1767 1
994 2070 1
1588 561 1
1588 1610 1
2611 569 1
868 153 1
1171 2816 1
1060 2401 1
2975 2106 1
1725 1608 1
968 1706 1
1438 1501 1
1438 2386 1
1438 2197 1
2792 1706 1
1151 2360 1
2580 1084 1
2580 1342 1
2013 594 1
2013 2756 1
2013 1783 1
2541 1027 1
2541 1400 1
2541 2987 1
2541 1201 1
2541 3015 1
2541 2193 1
2406 2670 1
2411 332 1
2853 2816 1
3007 175 1
3007 1064 1
3007 1760 1
3007 2955 1
3007 1561 1
3007 2827 1
3007 2820 1
3007 13 1
2918 375 1
2918 84 1
2918 1389 1
2918 1870 1
2918 696 1
2213 1232 1
1944 1053 1
1944 2960 1
1944 1767 1
1944 421 1
1944 1695 1
1944 380 1
1944 1805 1
1944 1501 1
1944 153 1
1944 1760 1
1944 2338 1
1944 1942 1
1944 795 1
1944 2126 1
1944 2828 1
1944 146 1
1944 2106 1
1944 2670 1
1944 1428 1
1944 242 1
1944 1785 1
1944 416 1
1944 1544 1
1944 1018 1
1944 865 1
1944 815 1
1944 2050 1
1944 631 1
1944 2734 1
1944 185 1
1944 296 1
1944 2929 1
1944 695 1
1944 367 1
1944 1677 1
1759 2507 1
1989 2603 1
1989 2824 1
1989 2317 1
1989 2475 1
1989 2698 1
1708 2536 1
2935 336 1
494 2978 1
1443 2998 1
2250 2198 1
2229 33 1
2229 2472 1
48 1137 1
48 1855 1
1983 210 1
2726 175 1
2726 1187 1
2726 992 1
2726 1903 1
2726 785 1
2726 3047 1
2726 90 1
2726 2200 1
2726 1013 1
2726 83 1
2726 904 1
2726 527 1
2726 1387 1
2726 2374 1
2726 158 1
2726 1536 1
2462 88 1
1977 1871 1
1977 478 1
2292 2234 1
2292 1910 1
2109 2801 1
140 305 1
140 126 1
140 489 1
140 1242 1
140 2429 1
140 2133 1
140 3033 1
140 1295 1
2984 2241 1
2984 2932 1
2984 1903 1
2984 2151 1
2164 1596 1
2164 899 1
2164 437 1
2164 1013 1
550 2960 1
1609 1634 1
2360 1165 1
2360 212 1
73 1307 1
702 1969 1
103 2816 1
904 1531 1
33 698 1
33 2732 1
3010 2696 1
1896 221 1
1896 1987 1
1045 755 1
995 1599 1
995 2674 1
995 2198 1
995 2932 1
995 2200 1
995 809 1
995 1437 1
995 1013 1
995 2873 1
995 2438 1
995 2538 1
995 2687 1
133 429 1
133 2983 1
133 2998 1
59 2816 1
2705 459 1
2705 45 1
2705 2043 1
2705 2848 1
2705 418 1
118 1863 1
118 2074 1
769 1956 1
769 1760 1
769 115 1
769 150 1
769 795 1
769 179 1
769 2566 1
769 1693 1
769 1077 1
769 1438 1
2299 2830 1
606 2100 1
606 2937 1
606 1107 1
606 2719 1
606 2876 1
606 1774 1
606 1085 1
606 1878 1
2428 185 1
2192 2360 1
1642 2896 1
1642 922 1
1642 1555 1
1642 2670 1
1642 2579 1
1642 42 1
1642 1910 1
1642 2108 1
1642 1878 1
1642 2002 1
1642 328 1
1642 611 1
1642 2027 1
1541 41 1
2212 210 1
2212 2896 1
2212 922 1
2212 3038 1
2212 146 1
2212 1918 1
2212 2421 1
2212 1673 1
2212 1019 1
2212 2111 1
2212 958 1
2212 2802 1
2212 1563 1
2212 2553 1
2212 2050 1
2212 711 1
2212 1671 1
2212 2761 1
2212 2637 1
2212 2845 1
2212 644 1
2212 2368 1
2212 636 1
2212 610 1
2212 245 1
2212 1233 1
2212 525 1
2212 1086 1
2212 649 1
2212 1030 1
2212 2589 1
2212 2968 1
2212 2721 1
2212 1413 1
2212 1209 1
2212 1879 1
1825 1497 1
3051 288 1
296 1319 1
296 1325 1
296 2356 1
296 1501 1
296 2008 1
296 2413 1
296 1438 1
296 2360 1
2132 448 1
569 2687 1
2881 1930 1
2881 1869 1
2881 3016 1
2881 2483 1
2881 1116 1
2881 2396 1
2881 734 1
2881 412 1
2881 2983 1
2881 2998 1
2881 2887 1
2881 2374 1
2881 1180 1
2091 1653 1
2312 332 1
275 2483 1
275 734 1
275 2820 1
275 2810 1
687 1129 1
687 2705 1
2914 2886 1
2914 1481 1
2914 146 1
2914 2830 1
2914 144 1
2914 2670 1
2914 197 1
2914 2768 1
2914 1986 1
2914 1937 1
2914 1771 1
2914 2068 1
2914 336 1
2914 808 1
2914 2877 1
2914 2759 1
2914 1474 1
2914 2835 1
2914 1806 1
2914 2016 1
2914 1039 1
2914 296 1
2914 376 1
2914 2568 1
2914 1670 1
2914 2765 1
2914 644 1
2914 2108 1
2914 427 1
2914 2782 1
2914 1114 1
2914 860 1
2914 2337 1
2914 1471 1
2914 1141 1
2914 291 1
2914 486 1
2914 107 1
1786 1325 1
1786 1760 1
1786 2962 1
1786 332 1
1786 516 1
1786 1200 1
1786 1409 1
1786 265 1
1786 2360 1
1786 33 1
1786 185 1
1786 1205 1
818 33 1
1367 2531 1
1618 775 1
1618 2752 1
1889 1137 1
1617 749 1
731 2832 1
731 2301 1
731 2156 1
731 276 1
731 153 1
731 2008 1
731 1554 1
731 242 1
731 2856 1
731 1537 1
731 48 1
731 2050 1
731 280 1
731 1180 1
776 1172 1
776 858 1
776 876 1
776 2595 1
776 2775 1
776 2379 1
776 2716 1
776 2348 1
776 1032 1
776 586 1
776 2800 1
776 1328 1
776 1660 1
776 1153 1
776 236 1
776 739 1
776 300 1
776 1614 1
776 3006 1
776 1893 1
776 2713 1
776 2954 1
776 1127 1
776 352 1
776 484 1
776 1202 1
776 1117 1
776 364 1
776 1338 1
776 2398 1
776 1586 1
776 3014 1
776 708 1
776 1009 1
776 940 1
776 422 1
776 2869 1
644 332 1
91 1706 1
91 1292 1
695 908 1
695 1484 1
695 242 1
695 2166 1
695 894 1
1393 28 1
1692 95 1
553 210 1
553 880 1
553 2527 1
553 2081 1
553 1493 1
553 2992 1
2332 2431 1
2332 1839 1
1108 1993 1
1108 2167 1
1108 2249 1
1108 2023 1
1108 2606 1
1108 2012 1
1108 76 1
1108 3043 1
1801 33 1
327 195 1
327 1552 1
327 683 1
101 2527 1
2545 2125 1
61 2386 1
2787 1623 1
2651 2106 1
2651 2001 1
1223 775 1
1223 2788 1
2009 2281 1
813 1869 1
813 1903 1
813 785 1
813 2662 1
1457 2974 1
1457 2386 1
1457 2962 1
1457 633 1
1457 185 1
1457 597 1
1457 172 1
1457 756 1
1457 1997 1
1457 1360 1
1457 1532 1
1457 568 1
2230 1004 1
2230 1930 1
2230 2964 1
2230 1903 1
2230 749 1
2230 1093 1
2230 1840 1
2230 2729 1
665 497 1
2339 2955 1
2894 2074 1
2255 810 1
2255 2832 1
2255 784 1
2255 605 1
2255 2237 1
2255 698 1
2255 1527 1
2255 2386 1
2255 925 1
2255 1694 1
2255 3024 1
2255 1228 1
2255 146 1
2255 312 1
2255 292 1
2255 33 1
1414 130 1
2118 330 1
2118 1164 1
2118 280 1
1150 1556 1
1473 2877 1
106 995 1
1720 821 1
1720 2564 1
1720 1467 1
1720 1781 1
1720 100 1
1929 1706 1
1929 1003 1
2978 2516 1
2978 786 1
2978 146 1
2978 2524 1
2978 2615 1
2978 197 1
2978 2768 1
2978 2554 1
2978 2111 1
2978 897 1
2978 2627 1
2978 2877 1
2978 2160 1
2978 1048 1
2978 661 1
2978 2265 1
2978 2987 1
2978 2761 1
2978 313 1
2978 1590 1
2978 427 1
2978 222 1
2978 486 1
2978 2720 1
2978 928 1
2978 2402 1
2978 2511 1
2978 906 1
237 1589 1
199 1760 1
199 2355 1
199 1157 1
2697 2816 1
